100318079
100318079
100318079
100318079
100318079
10146102
10146102
10146102
10146102
10146102
101859065
101859065
101859065
101859065
101859065
101903164
101903164
101903164
101903164
101903164
102765423
102765423
102765423
102765423
102765423
102903198
102903198
102903198
102903198
102903198
103431502
103431502
103431502
103431502
103431502
103865085
103865085
103865085
103865085
103865085
103991905
103991905
103991905
103991905
103991905
104324908
104324908
104324908
104324908
104324908
104615636
104615636
104615636
104615636
104615636
1046661
1046661
1046661
1046661
1046661
104991493
104991493
104991493
104991493
104991493
105150583
105150583
105150583
105150583
105150583
105398724
105398724
105398724
105398724
105398724
105918870
105918870
105918870
105918870
105918870
107172099
107172099
107172099
107172099
107172099
107418464
107418464
107418464
107418464
107418464
107511013
107511013
107511013
107511013
107511013
107512718
107512718
107512718
107512718
107512718
107516840
107516840
107516840
107516840
107516840
10798802
10798802
10798802
10798802
10798802
108159877
108159877
108159877
108159877
108159877
108205076
108205076
108205076
108205076
108205076
10985532
10985532
10985532
10985532
10985532
11027262
11027262
11027262
11027262
11027262
110536616
110536616
110536616
110536616
110536616
110755733
110755733
110755733
110755733
110755733
111045742
111045742
111045742
111045742
111045742
11136132
11136132
11136132
11136132
11136132
111374622
111374622
111374622
111374622
111374622
112628165
112628165
112628165
112628165
112628165
113196940
113196940
113196940
113196940
113196940
11348282
11348282
11348282
11348282
11348282
11348722
11348722
11348722
11348722
11348722
113509970
113509970
113509970
113509970
113509970
114115460
114115460
114115460
114115460
114115460
114885421
114885421
114885421
114885421
114885421
115221382
115221382
115221382
115221382
115221382
115911638
115911638
115911638
115911638
115911638
116388817
116388817
116388817
116388817
116388817
116798290
116798290
116798290
116798290
116798290
116808228
116808228
116808228
116808228
116808228
11681802
11681802
11681802
11681802
11681802
117029850
117029850
117029850
117029850
117029850
117671022
117671022
117671022
117671022
117671022
117800618
117800618
117800618
117800618
117800618
117809922
117809922
117809922
117809922
117809922
11784842
11784842
11784842
11784842
11784842
11828432
11828432
11828432
11828432
11828432
11928542
11928542
11928542
11928542
11928542
119897041
119897041
119897041
119897041
119897041
120157205
120157205
120157205
120157205
120157205
120459837
120459837
120459837
120459837
120459837
120679977
120679977
120679977
120679977
120679977
12069912
12069912
12069912
12069912
12069912
120971873
120971873
120971873
120971873
120971873
121202578
121202578
121202578
121202578
121202578
121258930
121258930
121258930
121258930
121258930
12152402
12152402
12152402
12152402
12152402
121569946
121569946
121569946
121569946
121569946
121685268
121685268
121685268
121685268
121685268
122216533
122216533
122216533
122216533
122216533
123287376
123287376
123287376
123287376
123287376
123684709
123684709
123684709
123684709
123684709
1239671
1239671
1239671
1239671
1239671
12415722
12415722
12415722
12415722
12415722
124296976
124296976
124296976
124296976
124296976
124474025
124474025
124474025
124474025
124474025
125098615
125098615
125098615
125098615
125098615
12570812
12570812
12570812
12570812
12570812
126067398
126067398
126067398
126067398
126067398
1271901
1271901
1271901
1271901
1271901
12771872
12771872
12771872
12771872
12771872
127912925
127912925
127912925
127912925
127912925
128135741
128135741
128135741
128135741
128135741
12831
12831
12831
12831
12831
129093262
129093262
129093262
129093262
129093262
129984134
129984134
129984134
129984134
129984134
130734452
130734452
130734452
130734452
130734452
13179562
13179562
13179562
13179562
13179562
13212502
13212502
13212502
13212502
13212502
132519763
132519763
132519763
132519763
132519763
13274152
13274152
13274152
13274152
13274152
13275962
13275962
13275962
13275962
13275962
13317162
13317162
13317162
13317162
13317162
133663120
133663120
133663120
133663120
133663120
134208594
134208594
134208594
134208594
134208594
13460312
13460312
13460312
13460312
13460312
134943586
134943586
134943586
134943586
134943586
135397331
135397331
135397331
135397331
135397331
135605269
135605269
135605269
135605269
135605269
135704499
135704499
135704499
135704499
135704499
135895585
135895585
135895585
135895585
135895585
136341512
136341512
136341512
136341512
136341512
13649212
13649212
13649212
13649212
13649212
1367531
1367531
1367531
1367531
1367531
137046366
137046366
137046366
137046366
137046366
13747362
13747362
13747362
13747362
13747362
137527381
137527381
137527381
137527381
137527381
13809612
13809612
13809612
13809612
13809612
13811562
13811562
13811562
13811562
13811562
13837812
13837812
13837812
13837812
13837812
13872872
13872872
13872872
13872872
13872872
14045302
14045302
14045302
14045302
14045302
14058831
14058831
14058831
14058831
14058831
14060856
14060856
14060856
14060856
14060856
14077024
14077024
14077024
14077024
14077024
14120151
14120151
14120151
14120151
14120151
14120253
14120253
14120253
14120253
14120253
14129601
14129601
14129601
14129601
14129601
141341662
141341662
141341662
141341662
141341662
14134942
14134942
14134942
14134942
14134942
14147754
14147754
14147754
14147754
14147754
141488457
141488457
141488457
141488457
141488457
14150874
14150874
14150874
14150874
14150874
14191254
14191254
14191254
14191254
14191254
14199378
14199378
14199378
14199378
14199378
14203895
14203895
14203895
14203895
14203895
1422311
1422311
1422311
1422311
1422311
14256927
14256927
14256927
14256927
14256927
14313005
14313005
14313005
14313005
14313005
143172151
143172151
143172151
143172151
143172151
14327149
14327149
14327149
14327149
14327149
14332288
14332288
14332288
14332288
14332288
143344048
143344048
143344048
143344048
143344048
14338082
14338082
14338082
14338082
14338082
14353392
14353392
14353392
14353392
14353392
1435461
1435461
1435461
1435461
1435461
14365883
14365883
14365883
14365883
14365883
143661263
143661263
143661263
143661263
143661263
14371740
14371740
14371740
14371740
14371740
14372486
14372486
14372486
14372486
14372486
14372763
14372763
14372763
14372763
14372763
14404235
14404235
14404235
14404235
14404235
144211337
144211337
144211337
144211337
144211337
14422788
14422788
14422788
14422788
14422788
14426892
14426892
14426892
14426892
14426892
144723379
144723379
144723379
144723379
144723379
14505838
14505838
14505838
14505838
14505838
14521330
14521330
14521330
14521330
14521330
14528221
14528221
14528221
14528221
14528221
14550962
14550962
14550962
14550962
14550962
14555534
14555534
14555534
14555534
14555534
145573135
145573135
145573135
145573135
145573135
14618160
14618160
14618160
14618160
14618160
14630490
14630490
14630490
14630490
14630490
14677919
14677919
14677919
14677919
14677919
14711172
14711172
14711172
14711172
14711172
14719129
14719129
14719129
14719129
14719129
14755105
14755105
14755105
14755105
14755105
14791232
14791232
14791232
14791232
14791232
14794851
14794851
14794851
14794851
14794851
14807093
14807093
14807093
14807093
14807093
14827526
14827526
14827526
14827526
14827526
14836915
14836915
14836915
14836915
14836915
14838506
14838506
14838506
14838506
14838506
14840869
14840869
14840869
14840869
14840869
14843763
14843763
14843763
14843763
14843763
14848513
14848513
14848513
14848513
14848513
14849487
14849487
14849487
14849487
14849487
148519842
148519842
148519842
148519842
148519842
14869783
14869783
14869783
14869783
14869783
14893314
14893314
14893314
14893314
14893314
14917050
14917050
14917050
14917050
14917050
14922225
14922225
14922225
14922225
14922225
14936377
14936377
14936377
14936377
14936377
14957252
14957252
14957252
14957252
14957252
14984096
14984096
14984096
14984096
14984096
15001424
15001424
15001424
15001424
15001424
15012486
15012486
15012486
15012486
15012486
150402542
150402542
150402542
150402542
150402542
15053535
15053535
15053535
15053535
15053535
15070932
15070932
15070932
15070932
15070932
15099384
15099384
15099384
15099384
15099384
151175266
151175266
151175266
151175266
151175266
151246522
151246522
151246522
151246522
151246522
15129912
15129912
15129912
15129912
15129912
151495845
151495845
151495845
151495845
151495845
15164892
15164892
15164892
15164892
15164892
152062126
152062126
152062126
152062126
152062126
15208246
15208246
15208246
15208246
15208246
152388029
152388029
152388029
152388029
152388029
152435436
152435436
152435436
152435436
152435436
15292446
15292446
15292446
15292446
15292446
153245741
153245741
153245741
153245741
153245741
15329577
15329577
15329577
15329577
15329577
15331855
15331855
15331855
15331855
15331855
15335809
15335809
15335809
15335809
15335809
15347317
15347317
15347317
15347317
15347317
15419775
15419775
15419775
15419775
15419775
15420650
15420650
15420650
15420650
15420650
15445811
15445811
15445811
15445811
15445811
154648125
154648125
154648125
154648125
154648125
154701532
154701532
154701532
154701532
154701532
15473958
15473958
15473958
15473958
15473958
15477120
15477120
15477120
15477120
15477120
15481789
15481789
15481789
15481789
15481789
1548841
1548841
1548841
1548841
1548841
15507297
15507297
15507297
15507297
15507297
15527013
15527013
15527013
15527013
15527013
15533771
15533771
15533771
15533771
15533771
155661154
155661154
155661154
155661154
155661154
155689319
155689319
155689319
155689319
155689319
15589323
15589323
15589323
15589323
15589323
155976326
155976326
155976326
155976326
155976326
15642031
15642031
15642031
15642031
15642031
15647676
15647676
15647676
15647676
15647676
15665127
15665127
15665127
15665127
15665127
15706128
15706128
15706128
15706128
15706128
15741636
15741636
15741636
15741636
15741636
157488488
157488488
157488488
157488488
157488488
15797184
15797184
15797184
15797184
15797184
158414847
158414847
158414847
158414847
158414847
158419434
158419434
158419434
158419434
158419434
15849055
15849055
15849055
15849055
15849055
15859268
15859268
15859268
15859268
15859268
15864197
15864197
15864197
15864197
15864197
158874150
158874150
158874150
158874150
158874150
15924858
15924858
15924858
15924858
15924858
15938936
15938936
15938936
15938936
15938936
15944663
15944663
15944663
15944663
15944663
15947217
15947217
15947217
15947217
15947217
159588456
159588456
159588456
159588456
159588456
159629146
159629146
159629146
159629146
159629146
15977848
15977848
15977848
15977848
15977848
15989218
15989218
15989218
15989218
15989218
160237722
160237722
160237722
160237722
160237722
16027078
16027078
16027078
16027078
16027078
160839015
160839015
160839015
160839015
160839015
1608991
1608991
1608991
1608991
1608991
16105942
16105942
16105942
16105942
16105942
16183380
16183380
16183380
16183380
16183380
16193542
16193542
16193542
16193542
16193542
16212913
16212913
16212913
16212913
16212913
16234125
16234125
16234125
16234125
16234125
16247469
16247469
16247469
16247469
16247469
16263665
16263665
16263665
16263665
16263665
16279105
16279105
16279105
16279105
16279105
16285517
16285517
16285517
16285517
16285517
16297193
16297193
16297193
16297193
16297193
16305227
16305227
16305227
16305227
16305227
163374693
163374693
163374693
163374693
163374693
163491360
163491360
163491360
163491360
163491360
163629705
163629705
163629705
163629705
163629705
163674521
163674521
163674521
163674521
163674521
16421962
16421962
16421962
16421962
16421962
16437633
16437633
16437633
16437633
16437633
16465113
16465113
16465113
16465113
16465113
16476088
16476088
16476088
16476088
16476088
16505296
16505296
16505296
16505296
16505296
165580617
165580617
165580617
165580617
165580617
165598423
165598423
165598423
165598423
165598423
165786567
165786567
165786567
165786567
165786567
16591188
16591188
16591188
16591188
16591188
16606585
16606585
16606585
16606585
16606585
16610683
16610683
16610683
16610683
16610683
16613128
16613128
16613128
16613128
16613128
16616109
16616109
16616109
16616109
16616109
166214735
166214735
166214735
166214735
166214735
166252256
166252256
166252256
166252256
166252256
16652550
16652550
16652550
16652550
16652550
16674149
16674149
16674149
16674149
16674149
16685316
16685316
16685316
16685316
16685316
16726878
16726878
16726878
16726878
16726878
16734718
16734718
16734718
16734718
16734718
16790036
16790036
16790036
16790036
16790036
167901620
167901620
167901620
167901620
167901620
16809036
16809036
16809036
16809036
16809036
168224294
168224294
168224294
168224294
168224294
16824073
16824073
16824073
16824073
16824073
16834201
16834201
16834201
16834201
16834201
16840742
16840742
16840742
16840742
16840742
168537920
168537920
168537920
168537920
168537920
16869298
16869298
16869298
16869298
16869298
16878507
16878507
16878507
16878507
16878507
169216507
169216507
169216507
169216507
169216507
169780164
169780164
169780164
169780164
169780164
16987303
16987303
16987303
16987303
16987303
170167167
170167167
170167167
170167167
170167167
17022544
17022544
17022544
17022544
17022544
17045060
17045060
17045060
17045060
17045060
170729553
170729553
170729553
170729553
170729553
17111909
17111909
17111909
17111909
17111909
171202083
171202083
171202083
171202083
171202083
17135931
17135931
17135931
17135931
17135931
17137927
17137927
17137927
17137927
17137927
171536167
171536167
171536167
171536167
171536167
17384099
17384099
17384099
17384099
17384099
17396702
17396702
17396702
17396702
17396702
17403755
17403755
17403755
17403755
17403755
17421011
17421011
17421011
17421011
17421011
174285878
174285878
174285878
174285878
174285878
17503591
17503591
17503591
17503591
17503591
175529494
175529494
175529494
175529494
175529494
175553601
175553601
175553601
175553601
175553601
17561785
17561785
17561785
17561785
17561785
17600223
17600223
17600223
17600223
17600223
17602896
17602896
17602896
17602896
17602896
17627996
17627996
17627996
17627996
17627996
176310143
176310143
176310143
176310143
176310143
17636894
17636894
17636894
17636894
17636894
17658786
17658786
17658786
17658786
17658786
176589903
176589903
176589903
176589903
176589903
176872879
176872879
176872879
176872879
176872879
176936249
176936249
176936249
176936249
176936249
17714569
17714569
17714569
17714569
17714569
17723880
17723880
17723880
17723880
17723880
1775731
1775731
1775731
1775731
1775731
17767841
17767841
17767841
17767841
17767841
17770689
17770689
17770689
17770689
17770689
17787399
17787399
17787399
17787399
17787399
17797990
17797990
17797990
17797990
17797990
17822419
17822419
17822419
17822419
17822419
17866414
17866414
17866414
17866414
17866414
17874544
17874544
17874544
17874544
17874544
179065820
179065820
179065820
179065820
179065820
17912917
17912917
17912917
17912917
17912917
179138862
179138862
179138862
179138862
179138862
17918629
17918629
17918629
17918629
17918629
17922109
17922109
17922109
17922109
17922109
180540375
180540375
180540375
180540375
180540375
18068719
18068719
18068719
18068719
18068719
18069824
18069824
18069824
18069824
18069824
18119683
18119683
18119683
18119683
18119683
18135029
18135029
18135029
18135029
18135029
18191231
18191231
18191231
18191231
18191231
18201401
18201401
18201401
18201401
18201401
18226205
18226205
18226205
18226205
18226205
18252740
18252740
18252740
18252740
18252740
182609394
182609394
182609394
182609394
182609394
18270489
18270489
18270489
18270489
18270489
18278524
18278524
18278524
18278524
18278524
18338485
18338485
18338485
18338485
18338485
18374320
18374320
18374320
18374320
18374320
183786731
183786731
183786731
183786731
183786731
184391654
184391654
184391654
184391654
184391654
184594566
184594566
184594566
184594566
184594566
18470775
18470775
18470775
18470775
18470775
18472735
18472735
18472735
18472735
18472735
184755890
184755890
184755890
184755890
184755890
18481292
18481292
18481292
18481292
18481292
18483115
18483115
18483115
18483115
18483115
18486243
18486243
18486243
18486243
18486243
18486881
18486881
18486881
18486881
18486881
18496986
18496986
18496986
18496986
18496986
18534908
18534908
18534908
18534908
18534908
185512077
185512077
185512077
185512077
185512077
18558612
18558612
18558612
18558612
18558612
18571832
18571832
18571832
18571832
18571832
18594420
18594420
18594420
18594420
18594420
18630326
18630326
18630326
18630326
18630326
186354564
186354564
186354564
186354564
186354564
18665800
18665800
18665800
18665800
18665800
18681592
18681592
18681592
18681592
18681592
18687625
18687625
18687625
18687625
18687625
18690700
18690700
18690700
18690700
18690700
186909156
186909156
186909156
186909156
186909156
18718580
18718580
18718580
18718580
18718580
18731347
18731347
18731347
18731347
18731347
18734310
18734310
18734310
18734310
18734310
187569483
187569483
187569483
187569483
187569483
187744415
187744415
187744415
187744415
187744415
187773078
187773078
187773078
187773078
187773078
18788502
18788502
18788502
18788502
18788502
188102842
188102842
188102842
188102842
188102842
18836167
18836167
18836167
18836167
18836167
18846990
18846990
18846990
18846990
18846990
18886852
18886852
18886852
18886852
18886852
18895362
18895362
18895362
18895362
18895362
189111957
189111957
189111957
189111957
189111957
18917716
18917716
18917716
18917716
18917716
18923866
18923866
18923866
18923866
18923866
189253902
189253902
189253902
189253902
189253902
18951737
18951737
18951737
18951737
18951737
18957524
18957524
18957524
18957524
18957524
189592841
189592841
189592841
189592841
189592841
189875309
189875309
189875309
189875309
189875309
18988524
18988524
18988524
18988524
18988524
18996905
18996905
18996905
18996905
18996905
190138306
190138306
190138306
190138306
190138306
19064433
19064433
19064433
19064433
19064433
190696559
190696559
190696559
190696559
190696559
19110632
19110632
19110632
19110632
19110632
19136295
19136295
19136295
19136295
19136295
191896931
191896931
191896931
191896931
191896931
191916463
191916463
191916463
191916463
191916463
191924526
191924526
191924526
191924526
191924526
19208450
19208450
19208450
19208450
19208450
19213083
19213083
19213083
19213083
19213083
19225156
19225156
19225156
19225156
19225156
19283723
19283723
19283723
19283723
19283723
19299909
19299909
19299909
19299909
19299909
19380307
19380307
19380307
19380307
19380307
19454519
19454519
19454519
19454519
19454519
19492215
19492215
19492215
19492215
19492215
195475105
195475105
195475105
195475105
195475105
19563357
19563357
19563357
19563357
19563357
19658936
19658936
19658936
19658936
19658936
19668026
19668026
19668026
19668026
19668026
196926575
196926575
196926575
196926575
196926575
19725644
19725644
19725644
19725644
19725644
197577781
197577781
197577781
197577781
197577781
197602850
197602850
197602850
197602850
197602850
19760380
19760380
19760380
19760380
19760380
197731654
197731654
197731654
197731654
197731654
197903282
197903282
197903282
197903282
197903282
198327282
198327282
198327282
198327282
198327282
198370650
198370650
198370650
198370650
198370650
198628427
198628427
198628427
198628427
198628427
198941747
198941747
198941747
198941747
198941747
19898730
19898730
19898730
19898730
19898730
199039532
199039532
199039532
199039532
199039532
19933035
19933035
19933035
19933035
19933035
19948202
19948202
19948202
19948202
19948202
199483163
199483163
199483163
199483163
199483163
19976791
19976791
19976791
19976791
19976791
200214366
200214366
200214366
200214366
200214366
200494218
200494218
200494218
200494218
200494218
20060293
20060293
20060293
20060293
20060293
20119746
20119746
20119746
20119746
20119746
20179628
20179628
20179628
20179628
20179628
202114894
202114894
202114894
202114894
202114894
202195505
202195505
202195505
202195505
202195505
202346485
202346485
202346485
202346485
202346485
2029971
2029971
2029971
2029971
2029971
20319646
20319646
20319646
20319646
20319646
20347014
20347014
20347014
20347014
20347014
203868162
203868162
203868162
203868162
203868162
204145356
204145356
204145356
204145356
204145356
20436059
20436059
20436059
20436059
20436059
20446839
20446839
20446839
20446839
20446839
204646586
204646586
204646586
204646586
204646586
20495756
20495756
20495756
20495756
20495756
20561154
20561154
20561154
20561154
20561154
20689206
20689206
20689206
20689206
20689206
206923844
206923844
206923844
206923844
206923844
20758393
20758393
20758393
20758393
20758393
207594668
207594668
207594668
207594668
207594668
207936757
207936757
207936757
207936757
207936757
20950208
20950208
20950208
20950208
20950208
2097571
2097571
2097571
2097571
2097571
20999409
20999409
20999409
20999409
20999409
21028234
21028234
21028234
21028234
21028234
21061498
21061498
21061498
21061498
21061498
21077642
21077642
21077642
21077642
21077642
21094279
21094279
21094279
21094279
21094279
21132431
21132431
21132431
21132431
21132431
211547273
211547273
211547273
211547273
211547273
211933541
211933541
211933541
211933541
211933541
21222922
21222922
21222922
21222922
21222922
212642904
212642904
212642904
212642904
212642904
212718048
212718048
212718048
212718048
212718048
21318259
21318259
21318259
21318259
21318259
21337501
21337501
21337501
21337501
21337501
21339164
21339164
21339164
21339164
21339164
21363077
21363077
21363077
21363077
21363077
21364753
21364753
21364753
21364753
21364753
21391704
21391704
21391704
21391704
21391704
21415375
21415375
21415375
21415375
21415375
21420959
21420959
21420959
21420959
21420959
21437537
21437537
21437537
21437537
21437537
215328630
215328630
215328630
215328630
215328630
21578499
21578499
21578499
21578499
21578499
215824411
215824411
215824411
215824411
215824411
21648994
21648994
21648994
21648994
21648994
216843160
216843160
216843160
216843160
216843160
21731779
21731779
21731779
21731779
21731779
21735280
21735280
21735280
21735280
21735280
217796457
217796457
217796457
217796457
217796457
21816783
21816783
21816783
21816783
21816783
219365298
219365298
219365298
219365298
219365298
22106463
22106463
22106463
22106463
22106463
22121627
22121627
22121627
22121627
22121627
222090651
222090651
222090651
222090651
222090651
22252971
22252971
22252971
22252971
22252971
224581852
224581852
224581852
224581852
224581852
225302763
225302763
225302763
225302763
225302763
2257971
2257971
2257971
2257971
2257971
22745706
22745706
22745706
22745706
22745706
22751884
22751884
22751884
22751884
22751884
227650565
227650565
227650565
227650565
227650565
227785045
227785045
227785045
227785045
227785045
228270980
228270980
228270980
228270980
228270980
22863638
22863638
22863638
22863638
22863638
22879382
22879382
22879382
22879382
22879382
22915745
22915745
22915745
22915745
22915745
229425177
229425177
229425177
229425177
229425177
22954430
22954430
22954430
22954430
22954430
22958268
22958268
22958268
22958268
22958268
22970486
22970486
22970486
22970486
22970486
229741646
229741646
229741646
229741646
229741646
22977196
22977196
22977196
22977196
22977196
229969377
229969377
229969377
229969377
229969377
230601773
230601773
230601773
230601773
230601773
230880104
230880104
230880104
230880104
230880104
232006900
232006900
232006900
232006900
232006900
232706326
232706326
232706326
232706326
232706326
23334169
23334169
23334169
23334169
23334169
233598791
233598791
233598791
233598791
233598791
234169190
234169190
234169190
234169190
234169190
23469247
23469247
23469247
23469247
23469247
23503181
23503181
23503181
23503181
23503181
235219400
235219400
235219400
235219400
235219400
2363991
2363991
2363991
2363991
2363991
237019614
237019614
237019614
237019614
237019614
237049769
237049769
237049769
237049769
237049769
23742633
23742633
23742633
23742633
23742633
23759573
23759573
23759573
23759573
23759573
237845487
237845487
237845487
237845487
237845487
23790454
23790454
23790454
23790454
23790454
238264600
238264600
238264600
238264600
238264600
23889102
23889102
23889102
23889102
23889102
239141315
239141315
239141315
239141315
239141315
239434259
239434259
239434259
239434259
239434259
240740059
240740059
240740059
240740059
240740059
24117694
24117694
24117694
24117694
24117694
241635675
241635675
241635675
241635675
241635675
242013901
242013901
242013901
242013901
242013901
242024994
242024994
242024994
242024994
242024994
242073660
242073660
242073660
242073660
242073660
242479442
242479442
242479442
242479442
242479442
243267948
243267948
243267948
243267948
243267948
24479656
24479656
24479656
24479656
24479656
24541192
24541192
24541192
24541192
24541192
24542441
24542441
24542441
24542441
24542441
245639401
245639401
245639401
245639401
245639401
24636631
24636631
24636631
24636631
24636631
24815332
24815332
24815332
24815332
24815332
248224845
248224845
248224845
248224845
248224845
248523038
248523038
248523038
248523038
248523038
248883350
248883350
248883350
248883350
248883350
248916246
248916246
248916246
248916246
248916246
24903302
24903302
24903302
24903302
24903302
24907197
24907197
24907197
24907197
24907197
249829509
249829509
249829509
249829509
249829509
249831237
249831237
249831237
249831237
249831237
250340951
250340951
250340951
250340951
250340951
250447400
250447400
250447400
250447400
250447400
250900294
250900294
250900294
250900294
250900294
25179170
25179170
25179170
25179170
25179170
252415267
252415267
252415267
252415267
252415267
253360762
253360762
253360762
253360762
253360762
25344777
25344777
25344777
25344777
25344777
253751053
253751053
253751053
253751053
253751053
253863144
253863144
253863144
253863144
253863144
254883790
254883790
254883790
254883790
254883790
255790981
255790981
255790981
255790981
255790981
25649234
25649234
25649234
25649234
25649234
256497288
256497288
256497288
256497288
256497288
25650268
25650268
25650268
25650268
25650268
25755158
25755158
25755158
25755158
25755158
2576401
2576401
2576401
2576401
2576401
258145892
258145892
258145892
258145892
258145892
258447233
258447233
258447233
258447233
258447233
2589521
2589521
2589521
2589521
2589521
258955239
258955239
258955239
258955239
258955239
259288589
259288589
259288589
259288589
259288589
259365099
259365099
259365099
259365099
259365099
259884200
259884200
259884200
259884200
259884200
26083291
26083291
26083291
26083291
26083291
26103051
26103051
26103051
26103051
26103051
261973875
261973875
261973875
261973875
261973875
262310943
262310943
262310943
262310943
262310943
26234692
26234692
26234692
26234692
26234692
26286713
26286713
26286713
26286713
26286713
263224927
263224927
263224927
263224927
263224927
26335321
26335321
26335321
26335321
26335321
26346966
26346966
26346966
26346966
26346966
265077741
265077741
265077741
265077741
265077741
26585095
26585095
26585095
26585095
26585095
26604704
26604704
26604704
26604704
26604704
266464616
266464616
266464616
266464616
266464616
267383914
267383914
267383914
267383914
267383914
268425888
268425888
268425888
268425888
268425888
269485905
269485905
269485905
269485905
269485905
269559495
269559495
269559495
269559495
269559495
26961048
26961048
26961048
26961048
26961048
275686563
275686563
275686563
275686563
275686563
27595997
27595997
27595997
27595997
27595997
276128869
276128869
276128869
276128869
276128869
276843589
276843589
276843589
276843589
276843589
278181157
278181157
278181157
278181157
278181157
278311152
278311152
278311152
278311152
278311152
27853708
27853708
27853708
27853708
27853708
279854450
279854450
279854450
279854450
279854450
280329780
280329780
280329780
280329780
280329780
28205087
28205087
28205087
28205087
28205087
283732062
283732062
283732062
283732062
283732062
2841151
2841151
2841151
2841151
2841151
28490110
28490110
28490110
28490110
28490110
285287229
285287229
285287229
285287229
285287229
28628055
28628055
28628055
28628055
28628055
287519521
287519521
287519521
287519521
287519521
2890961
2890961
2890961
2890961
2890961
289738351
289738351
289738351
289738351
289738351
290092792
290092792
290092792
290092792
290092792
29016037
29016037
29016037
29016037
29016037
29034979
29034979
29034979
29034979
29034979
291403100
291403100
291403100
291403100
291403100
292560337
292560337
292560337
292560337
292560337
29357507
29357507
29357507
29357507
29357507
29514951
29514951
29514951
29514951
29514951
296218728
296218728
296218728
296218728
296218728
297985585
297985585
297985585
297985585
297985585
298038575
298038575
298038575
298038575
298038575
30031265
30031265
30031265
30031265
30031265
300842571
300842571
300842571
300842571
300842571
30096240
30096240
30096240
30096240
30096240
301297627
301297627
301297627
301297627
301297627
30207757
30207757
30207757
30207757
30207757
30310904
30310904
30310904
30310904
30310904
30313925
30313925
30313925
30313925
30313925
30345417
30345417
30345417
30345417
30345417
303886358
303886358
303886358
303886358
303886358
30393917
30393917
30393917
30393917
30393917
306445007
306445007
306445007
306445007
306445007
307458983
307458983
307458983
307458983
307458983
307478701
307478701
307478701
307478701
307478701
308220010
308220010
308220010
308220010
308220010
30824363
30824363
30824363
30824363
30824363
309096216
309096216
309096216
309096216
309096216
30970675
30970675
30970675
30970675
30970675
311227912
311227912
311227912
311227912
311227912
31153819
31153819
31153819
31153819
31153819
31179985
31179985
31179985
31179985
31179985
312284236
312284236
312284236
312284236
312284236
31246395
31246395
31246395
31246395
31246395
312805417
312805417
312805417
312805417
312805417
31313454
31313454
31313454
31313454
31313454
31317273
31317273
31317273
31317273
31317273
313359626
313359626
313359626
313359626
313359626
314038032
314038032
314038032
314038032
314038032
314316607
314316607
314316607
314316607
314316607
31457243
31457243
31457243
31457243
31457243
31464977
31464977
31464977
31464977
31464977
31477674
31477674
31477674
31477674
31477674
315418321
315418321
315418321
315418321
315418321
31610343
31610343
31610343
31610343
31610343
31631020
31631020
31631020
31631020
31631020
317313520
317313520
317313520
317313520
317313520
318760490
318760490
318760490
318760490
318760490
31949053
31949053
31949053
31949053
31949053
320527944
320527944
320527944
320527944
320527944
321620987
321620987
321620987
321620987
321620987
321652589
321652589
321652589
321652589
321652589
32289713
32289713
32289713
32289713
32289713
324201646
324201646
324201646
324201646
324201646
3245291
3245291
3245291
3245291
3245291
324544865
324544865
324544865
324544865
324544865
3253671
3253671
3253671
3253671
3253671
32547856
32547856
32547856
32547856
32547856
32574761
32574761
32574761
32574761
32574761
326259198
326259198
326259198
326259198
326259198
33060624
33060624
33060624
33060624
33060624
33080832
33080832
33080832
33080832
33080832
33097148
33097148
33097148
33097148
33097148
333021748
333021748
333021748
333021748
333021748
3338681
3338681
3338681
3338681
3338681
333881828
333881828
333881828
333881828
333881828
333966373
333966373
333966373
333966373
333966373
33511585
33511585
33511585
33511585
33511585
33612973
33612973
33612973
33612973
33612973
33617320
33617320
33617320
33617320
33617320
336463060
336463060
336463060
336463060
336463060
33794839
33794839
33794839
33794839
33794839
338017544
338017544
338017544
338017544
338017544
33806113
33806113
33806113
33806113
33806113
33868543
33868543
33868543
33868543
33868543
34242979
34242979
34242979
34242979
34242979
34416153
34416153
34416153
34416153
34416153
344966590
344966590
344966590
344966590
344966590
345569115
345569115
345569115
345569115
345569115
34805698
34805698
34805698
34805698
34805698
348851602
348851602
348851602
348851602
348851602
35012277
35012277
35012277
35012277
35012277
35012599
35012599
35012599
35012599
35012599
351092905
351092905
351092905
351092905
351092905
35166642
35166642
35166642
35166642
35166642
353767514
353767514
353767514
353767514
353767514
35432497
35432497
35432497
35432497
35432497
355823615
355823615
355823615
355823615
355823615
356897757
356897757
356897757
356897757
356897757
356963
356963
356963
356963
356963
35726059
35726059
35726059
35726059
35726059
358845982
358845982
358845982
358845982
358845982
35926608
35926608
35926608
35926608
35926608
359791673
359791673
359791673
359791673
359791673
360025190
360025190
360025190
360025190
360025190
360210947
360210947
360210947
360210947
360210947
364664695
364664695
364664695
364664695
364664695
36475508
36475508
36475508
36475508
36475508
36544954
36544954
36544954
36544954
36544954
36618690
36618690
36618690
36618690
36618690
36629388
36629388
36629388
36629388
36629388
368018677
368018677
368018677
368018677
368018677
36836787
36836787
36836787
36836787
36836787
36953510
36953510
36953510
36953510
36953510
37103386
37103386
37103386
37103386
37103386
37112942
37112942
37112942
37112942
37112942
37170886
37170886
37170886
37170886
37170886
37201612
37201612
37201612
37201612
37201612
372765570
372765570
372765570
372765570
372765570
374007416
374007416
374007416
374007416
374007416
37723441
37723441
37723441
37723441
37723441
377662213
377662213
377662213
377662213
377662213
37792861
37792861
37792861
37792861
37792861
378494343
378494343
378494343
378494343
378494343
37899473
37899473
37899473
37899473
37899473
37977732
37977732
37977732
37977732
37977732
37992666
37992666
37992666
37992666
37992666
38108292
38108292
38108292
38108292
38108292
381688396
381688396
381688396
381688396
381688396
382110320
382110320
382110320
382110320
382110320
384685422
384685422
384685422
384685422
384685422
384761809
384761809
384761809
384761809
384761809
38703025
38703025
38703025
38703025
38703025
38761811
38761811
38761811
38761811
38761811
39070445
39070445
39070445
39070445
39070445
39157827
39157827
39157827
39157827
39157827
39322973
39322973
39322973
39322973
39322973
396721965
396721965
396721965
396721965
396721965
39695043
39695043
39695043
39695043
39695043
397688944
397688944
397688944
397688944
397688944
398994309
398994309
398994309
398994309
398994309
40022380
40022380
40022380
40022380
40022380
400867704
400867704
400867704
400867704
400867704
402970625
402970625
402970625
402970625
402970625
40564708
40564708
40564708
40564708
40564708
40580577
40580577
40580577
40580577
40580577
40705032
40705032
40705032
40705032
40705032
407769660
407769660
407769660
407769660
407769660
40777046
40777046
40777046
40777046
40777046
40813518
40813518
40813518
40813518
40813518
40818894
40818894
40818894
40818894
40818894
40981798
40981798
40981798
40981798
40981798
414334713
414334713
414334713
414334713
414334713
41945050
41945050
41945050
41945050
41945050
42098834
42098834
42098834
42098834
42098834
423567032
423567032
423567032
423567032
423567032
42522911
42522911
42522911
42522911
42522911
4258591
4258591
4258591
4258591
4258591
42676302
42676302
42676302
42676302
42676302
428333
428333
428333
428333
428333
42912024
42912024
42912024
42912024
42912024
43003845
43003845
43003845
43003845
43003845
430313102
430313102
430313102
430313102
430313102
43194901
43194901
43194901
43194901
43194901
434433610
434433610
434433610
434433610
434433610
43540843
43540843
43540843
43540843
43540843
437300342
437300342
437300342
437300342
437300342
43858661
43858661
43858661
43858661
43858661
4387041
4387041
4387041
4387041
4387041
441252694
441252694
441252694
441252694
441252694
44130462
44130462
44130462
44130462
44130462
44257374
44257374
44257374
44257374
44257374
44394333
44394333
44394333
44394333
44394333
44524106
44524106
44524106
44524106
44524106
44666348
44666348
44666348
44666348
44666348
45145944
45145944
45145944
45145944
45145944
45310286
45310286
45310286
45310286
45310286
45333725
45333725
45333725
45333725
45333725
45690012
45690012
45690012
45690012
45690012
45753733
45753733
45753733
45753733
45753733
45857296
45857296
45857296
45857296
45857296
46160500
46160500
46160500
46160500
46160500
46533358
46533358
46533358
46533358
46533358
47359057
47359057
47359057
47359057
47359057
47673661
47673661
47673661
47673661
47673661
477094958
477094958
477094958
477094958
477094958
47854857
47854857
47854857
47854857
47854857
48132655
48132655
48132655
48132655
48132655
48436259
48436259
48436259
48436259
48436259
484991854
484991854
484991854
484991854
484991854
48730516
48730516
48730516
48730516
48730516
49098552
49098552
49098552
49098552
49098552
49253437
49253437
49253437
49253437
49253437
493138720
493138720
493138720
493138720
493138720
49414491
49414491
49414491
49414491
49414491
494538543
494538543
494538543
494538543
494538543
49536244
49536244
49536244
49536244
49536244
50145896
50145896
50145896
50145896
50145896
50189671
50189671
50189671
50189671
50189671
51694885
51694885
51694885
51694885
51694885
51775432
51775432
51775432
51775432
51775432
521489919
521489919
521489919
521489919
521489919
52330027
52330027
52330027
52330027
52330027
52405864
52405864
52405864
52405864
52405864
52442002
52442002
52442002
52442002
52442002
52498113
52498113
52498113
52498113
52498113
52772629
52772629
52772629
52772629
52772629
528575851
528575851
528575851
528575851
528575851
53235381
53235381
53235381
53235381
53235381
532617990
532617990
532617990
532617990
532617990
53685618
53685618
53685618
53685618
53685618
54107218
54107218
54107218
54107218
54107218
54168315
54168315
54168315
54168315
54168315
54178513
54178513
54178513
54178513
54178513
54226675
54226675
54226675
54226675
54226675
54331626
54331626
54331626
54331626
54331626
54460963
54460963
54460963
54460963
54460963
54695584
54695584
54695584
54695584
54695584
5471892
5471892
5471892
5471892
5471892
54791004
54791004
54791004
54791004
54791004
549089429
549089429
549089429
549089429
549089429
55019615
55019615
55019615
55019615
55019615
5506012
5506012
5506012
5506012
5506012
5539522
5539522
5539522
5539522
5539522
55928029
55928029
55928029
55928029
55928029
5747502
5747502
5747502
5747502
5747502
5773532
5773532
5773532
5773532
5773532
5774432
5774432
5774432
5774432
5774432
57828817
57828817
57828817
57828817
57828817
58427526
58427526
58427526
58427526
58427526
58525541
58525541
58525541
58525541
58525541
58641627
58641627
58641627
58641627
58641627
5868402
5868402
5868402
5868402
5868402
58930815
58930815
58930815
58930815
58930815
59359628
59359628
59359628
59359628
59359628
59588845
59588845
59588845
59588845
59588845
59676554
59676554
59676554
59676554
59676554
6018292
6018292
6018292
6018292
6018292
61086747
61086747
61086747
61086747
61086747
61158706
61158706
61158706
61158706
61158706
612473
612473
612473
612473
612473
61311054
61311054
61311054
61311054
61311054
613313
613313
613313
613313
613313
6165372
6165372
6165372
6165372
6165372
61781462
61781462
61781462
61781462
61781462
61890555
61890555
61890555
61890555
61890555
623623
623623
623623
623623
623623
6253282
6253282
6253282
6253282
6253282
62609430
62609430
62609430
62609430
62609430
62740714
62740714
62740714
62740714
62740714
62759402
62759402
62759402
62759402
62759402
6297852
6297852
6297852
6297852
6297852
62985251
62985251
62985251
62985251
62985251
629863
629863
629863
629863
629863
63084853
63084853
63084853
63084853
63084853
63207451
63207451
63207451
63207451
63207451
6351572
6351572
6351572
6351572
6351572
63787760
63787760
63787760
63787760
63787760
6408382
6408382
6408382
6408382
6408382
64253854
64253854
64253854
64253854
64253854
64441390
64441390
64441390
64441390
64441390
64496469
64496469
64496469
64496469
64496469
64508047
64508047
64508047
64508047
64508047
64619842
64619842
64619842
64619842
64619842
64931560
64931560
64931560
64931560
64931560
65185224
65185224
65185224
65185224
65185224
65357070
65357070
65357070
65357070
65357070
65360846
65360846
65360846
65360846
65360846
66100530
66100530
66100530
66100530
66100530
66136244
66136244
66136244
66136244
66136244
66185823
66185823
66185823
66185823
66185823
6650612
6650612
6650612
6650612
6650612
66761133
66761133
66761133
66761133
66761133
66804457
66804457
66804457
66804457
66804457
66841215
66841215
66841215
66841215
66841215
67378554
67378554
67378554
67378554
67378554
68179571
68179571
68179571
68179571
68179571
68257605
68257605
68257605
68257605
68257605
68480165
68480165
68480165
68480165
68480165
68732646
68732646
68732646
68732646
68732646
69049114
69049114
69049114
69049114
69049114
69193714
69193714
69193714
69193714
69193714
69548480
69548480
69548480
69548480
69548480
69624952
69624952
69624952
69624952
69624952
70123665
70123665
70123665
70123665
70123665
70160230
70160230
70160230
70160230
70160230
70492333
70492333
70492333
70492333
70492333
70620846
70620846
70620846
70620846
70620846
7098022
7098022
7098022
7098022
7098022
71091272
71091272
71091272
71091272
71091272
7144422
7144422
7144422
7144422
7144422
72339761
72339761
72339761
72339761
72339761
73024519
73024519
73024519
73024519
73024519
73025843
73025843
73025843
73025843
73025843
73298877
73298877
73298877
73298877
73298877
73443014
73443014
73443014
73443014
73443014
734493
734493
734493
734493
734493
73707412
73707412
73707412
73707412
73707412
73738774
73738774
73738774
73738774
73738774
742143
742143
742143
742143
742143
7424642
7424642
7424642
7424642
7424642
74264908
74264908
74264908
74264908
74264908
745823
745823
745823
745823
745823
74651704
74651704
74651704
74651704
74651704
7517222
7517222
7517222
7517222
7517222
75321229
75321229
75321229
75321229
75321229
75343905
75343905
75343905
75343905
75343905
75370828
75370828
75370828
75370828
75370828
759679
759679
759679
759679
759679
7668362
7668362
7668362
7668362
7668362
7670202
7670202
7670202
7670202
7670202
7682452
7682452
7682452
7682452
7682452
77404713
77404713
77404713
77404713
77404713
77843323
77843323
77843323
77843323
77843323
778446
778446
778446
778446
778446
779715
779715
779715
779715
779715
78138151
78138151
78138151
78138151
78138151
78391198
78391198
78391198
78391198
78391198
7861312
7861312
7861312
7861312
7861312
7875912
7875912
7875912
7875912
7875912
78813
78813
78813
78813
78813
7888452
7888452
7888452
7888452
7888452
7890392
7890392
7890392
7890392
7890392
789071
789071
789071
789071
789071
78944566
78944566
78944566
78944566
78944566
790205
790205
790205
790205
790205
79797834
79797834
79797834
79797834
79797834
80297299
80297299
80297299
80297299
80297299
80317145
80317145
80317145
80317145
80317145
80479756
80479756
80479756
80479756
80479756
80660928
80660928
80660928
80660928
80660928
80681990
80681990
80681990
80681990
80681990
80688804
80688804
80688804
80688804
80688804
8079892
8079892
8079892
8079892
8079892
809864
809864
809864
809864
809864
81938351
81938351
81938351
81938351
81938351
819800
819800
819800
819800
819800
82726142
82726142
82726142
82726142
82726142
83048001
83048001
83048001
83048001
83048001
83285096
83285096
83285096
83285096
83285096
83478370
83478370
83478370
83478370
83478370
83883736
83883736
83883736
83883736
83883736
84114921
84114921
84114921
84114921
84114921
84473837
84473837
84473837
84473837
84473837
85432934
85432934
85432934
85432934
85432934
85716069
85716069
85716069
85716069
85716069
86560711
86560711
86560711
86560711
86560711
86664924
86664924
86664924
86664924
86664924
86775971
86775971
86775971
86775971
86775971
86799233
86799233
86799233
86799233
86799233
87004822
87004822
87004822
87004822
87004822
87114066
87114066
87114066
87114066
87114066
87525002
87525002
87525002
87525002
87525002
8768832
8768832
8768832
8768832
8768832
87771546
87771546
87771546
87771546
87771546
87798068
87798068
87798068
87798068
87798068
88456842
88456842
88456842
88456842
88456842
88639412
88639412
88639412
88639412
88639412
88931752
88931752
88931752
88931752
88931752
89032548
89032548
89032548
89032548
89032548
8914942
8914942
8914942
8914942
8914942
89826562
89826562
89826562
89826562
89826562
90072587
90072587
90072587
90072587
90072587
90880254
90880254
90880254
90880254
90880254
90998968
90998968
90998968
90998968
90998968
91067832
91067832
91067832
91067832
91067832
9215692
9215692
9215692
9215692
9215692
9254272
9254272
9254272
9254272
9254272
926981
926981
926981
926981
926981
92715435
92715435
92715435
92715435
92715435
9298152
9298152
9298152
9298152
9298152
93006320
93006320
93006320
93006320
93006320
93787797
93787797
93787797
93787797
93787797
93906304
93906304
93906304
93906304
93906304
93998005
93998005
93998005
93998005
93998005
94147192
94147192
94147192
94147192
94147192
94480069
94480069
94480069
94480069
94480069
9460682
9460682
9460682
9460682
9460682
94915681
94915681
94915681
94915681
94915681
9524062
9524062
9524062
9524062
9524062
96483973
96483973
96483973
96483973
96483973
96545499
96545499
96545499
96545499
96545499
96843721
96843721
96843721
96843721
96843721
96907622
96907622
96907622
96907622
96907622
98345808
98345808
98345808
98345808
98345808
9855382
9855382
9855382
9855382
9855382
98633794
98633794
98633794
98633794
98633794
98801140
98801140
98801140
98801140
98801140
99841247
99841247
99841247
99841247
99841247
