#module 0 size: 6 bs: 0.313903
18428796 51022910 228554424 377498499 1049666977 1299279140 
#module 1 size: 9 bs: 0.736648
27458114 94226687 298542393 386206970 436879069 457799240 1333011534 1458971227 1732779115 
#module 2 size: 23 bs: 0.544298
20246407 33181171 37157334 40565077 77556243 175709567 221919949 225209550 249422987 268096207 273502693 324964395 332544518 365660522 420585565 475881223 487000007 561747476 1032773754 1033877034 1399005720 1430782507 1679251123 
#module 3 size: 77 bs: 0.973543
-2147483648 7406952 10159192 17388629 18857913 22236322 22985427 24445033 25169706 25327006 28677073 29494126 33592451 35394679 39291808 43689017 43976159 50952830 53561213 62146500 65698564 69497742 76459846 89903824 95806583 111772970 125771585 144705819 173233917 194678398 195648119 219105818 241255441 247084658 248100395 248409248 270659615 273672451 289118612 305529342 310055040 332280704 387053663 408992789 415738134 418334284 449484705 495128586 535728582 561488294 572240095 574782207 595582707 615887677 738576612 774671419 783487904 822886747 855373004 946930465 949732520 985868132 1053728874 1053985094 1067260903 1092202778 1115739060 1195521564 1336004450 1345328250 1510927110 1526821538 1581410808 1585774542 1602956918 1647170617 1679216990 
#module 4 size: 64 bs: 0.891824
16294248 17542355 18185874 18767432 22583725 24033013 28741203 34751190 37738073 39881209 40833500 42900029 43381003 44274457 56281261 58102099 63013144 68129751 71533670 81060770 114174919 114842463 118771225 135994970 137083819 144705819 164106821 194678398 213106240 215216527 268761792 287685368 293250885 301643355 304184069 313025775 341773577 351904105 379677587 388743146 398516736 412002451 417321882 494645314 498146073 584645961 714723870 738442376 751241527 865242606 885080898 887494616 891292652 941731711 968937206 985591375 1106732318 1274223655 1466217481 1488709999 1592103692 1605162733 1608547879 1618682970 
#module 5 size: 53 bs: 0.918027
23568860 24990580 33175391 43381003 69497742 71533670 74538682 93155616 93884649 96784892 103876508 109253423 116125663 122876509 144705819 172852527 194678398 217428733 258052184 286147187 348837052 380084152 441237563 445684312 485741862 485944890 494645314 510118476 518867200 561089586 566544493 572241734 573561391 578414455 606684686 607012065 631497234 741637770 790047085 855719017 891292652 941033006 992386124 999342720 1021951981 1094118188 1118539555 1172288761 1227129242 1266606576 1452274494 1722401670 1927066908 
