815255107788906496
214727905
103183781
99925800
99924643
99924211
99923132
99922622
99921778
84839422
814385603043213312
797796847628656640
778576627403923456
757421092617064448
755607384299417602
755248738696769537
755239762626084865
755223825017475073
753459575555182592
753428106782740480
750593324042579969
750580277622218752
750555923307986944
750548284360515584
750517784832905216
743293898714316800
743292085659275265
743290778663813120
743288256482009090
743287488144248832
743285216031059968
743271290295844864
742915962945437696
742912780399874048
742897649737551872
742895449342763008
742868327299567616
727701911827316736
727642260444061696
726941298704306176
726933779986542592
797797836104441859
795745746733645825
747218301059633153
393798
5688880
793102924285083648
784118320480026624
715273950553620480
747435931775434752
221944307
232674754
719193216650768385
194794385
205894594
220299871
221090370
47761368
43885022
784118320480026624
715273950553620480
747435931775434752
221944307
232674754
719193216650768385
194794385
205894594
220299871
221090370
47761368
43885022
223456803
710473842049691649
220299679
221088805
715277666757296128
715271292426055682
712053126740594689
712027509500424192
75611962
