783214
4588114813
4172587277
3896350692
3873984133
3873965293
3260518932
2296297326
3035216050
2857397298
2847649621
2244994945
2244990570
2207775140
1202090827
791978718
376825877
241762251
198581449
70915829
16958875
6253282
2549011969
2328002822
1884191208
1603818258
1526228120
218984871
95731075
3896494573
3873867072
3015277406
2835594983
2835593069
2835592367
2835566721
2550997820
2249235943
2244983430
2228891959
1347773467
1347756012
1347713256
818212956
348674206
277761722
270507573
263884490
216531294
103770785
95255169
94666311
90556897
7080152
3099993704
2827296135
2508060728
2244981348
1694757848
365070933
226681308
171276528
167164816
115767100
102166611
88723966
17874544
717464262453506049
717463391145562114
3896444294
3873936134
3282859598
3015347828
3015301350
3015271772
3015267536
2861317614
2563398696
2551031089
2327988998
2249227194
1511263122
1462327554
1159458169
1159422488
1159393296
1159369393
1159274324
1102449241
862314223
586198217
436266454
427475002
414869890
373471064
372575989
300392950
222953824
178111058
158079127
130649891
1665823832
1631299117
1357837494
1143935214
1137751093
905409822
599145030
437698597
6844292
738118115595165697
738117623737552896
717463776170119169
717462990983856129
2796700846
2641775277
2548985366
2548979088
2249227634
1533573656
1228433617
1173514177
1072232960
707249550
593893034
495309159
484495045
338604482
212364827
172020392
3015804781
3015734250
2551015628
2551000952
2551000568
2249217110
2249215112
2244997579
1641001153
1640990204
1639309946
1636762128
1524832640
1225933934
1077914569
726960710
632708673
357750891
196471681
121291606
736330492765560834
717465714357972992
3896508373
3260514654
3085835595
2445809510
1705676064
1634177714
1606946869
1411434049
1279739576
1270746139
1077552272
627648100
627222883
586671909
544524144
529817556
436441680
412715336
284201599
234489024
172442947
113425681
109184306
87532773
85426644
63796828
54226675
24752484
15503880
14803701
9576402
740405222
432190896
381917870
380096047
372012097
357809146
311989442
294309764
286686815
273684031
272119449
266951676
257246857
241454635
238036959
231610839
213522004
204718475
188185360
185909298
179811597
177858179
177476514
176720759
172310949
147924729
144902479
133078044
127906236
122813481
115522862
59067938
46031566
43294762
36513872
28456533
23039834
20474740
17461251
3256449080
2586810367
2545232335
2373089125
2336049919
2226036355
2183854567
1651748720
1649214164
1564362840
1554425473
1358608573
1358490774
1263401370
1206094987
1171111808
1023528984
840498931
839067073
820421707
777229346
733707282
598871732
586368343
577432768
569479910
554812868
540520687
523770527
498719547
479234803
464535613
420626232
377153578
368617820
362255553
361720680
348314026
338942008
323668336
318892875
318030405
309325348
300670252
288064442
279003049
262462421
262400487
256692462
256209683
246605367
243022786
225975718
225289918
219204536
213371503
213086173
204958618
204715080
196906514
189042704
188613282
158874727
155795253
152801643
145080624
134700261
106678583
106554518
102862675
93554494
82491225
72022031
64680694
52650485
44510593
42985637
42797576
42788481
41748153
39850685
39641230
39352227
34132496
32683532
32253299
27393117
24484407
22863321
19747731
18652344
18294703
15730891
15730743
15729018
15728976
15728825
15577108
15386196
14765253
14589909
14301074
10826772
10017472
7025472
158708439
156588627
21910500
16692859
7587032
612473
737486976052428801
733950953502605313
3380006277
2891563286
2738516174
2635285453
2562520645
2554259210
2551854860
2528912988
2431922750
2431895270
2431687004
2431341001
2392321464
2357301055
2355640686
2337425994
2318090718
2288948060
2287511671
2201252244
2167834916
1718708456
1465760785
1378775022
1376851255
1326389376
1220072610
1206658627
1005956665
906223062
800335214
799056792
743538714
717754718
715494596
624287446
584220239
582551921
580458423
550570625
538910376
532868896
498467173
493527148
491053356
479476421
478515518
470941988
449192786
416165891
403946285
383958060
382028823
381976112
381166670
368105610
365822838
364696736
359287106
320657874
315671695
284997730
280548510
279876626
270204712
264575958
264503377
246220367
235293283
231347684
225539878
213619884
212098487
193343006
187756500
183176159
172694011
152966830
151556943
137546465
131758454
130430232
126670849
117263440
112948513
105971448
94005676
91709858
87838245
78724266
71232272
70825524
68317260
64715527
56081236
55758200
53911689
52307300
51882673
48789384
48167053
48122953
39511080
36111903
35348026
28525725
27955325
26593416
23365726
23365440
21870081
21338412
18891737
718599683594059776
3289995661
3179003287
891853861
577843136
529309561
254257259
248967108
146013001
62007751
44859933
19955768
556536755
549106714
487425292
175669181
862681
719675138808115200
2516719626
555981727
542930971
467317611
80601144
77544854
35996731
22351228
15640968
3399839392
3253450784
2985032438
1672430707
473437422
459978258
428113844
411106946
398365645
55788909
3601411752
2883125371
1611894752
1527572886
1367453887
1352533376
1036325418
712352131
612406437
572407133
556704457
549035174
535992855
497407389
423158095
346527390
338133885
300668648
288716213
240062170
235741536
234224569
221330656
188621689
175562266
166875534
121324605
102929008
97032906
95540496
86459197
75788430
67006237
63359139
62255378
48176112
47251363
40571386
38559894
38026892
37607166
37361536
37057720
34522386
34125308
26956600
23160828
22465654
4131317114
3589311254
3353636845
3317304109
3196141436
3118802539
3022567747
3002832152
2985106788
2983509536
2909400912
2864643278
2835792817
2814205592
2794665441
2596322720
2514577094
2508922224
2481415711
2408971862
2385951217
2355862064
2336046842
2284149338
2243958087
2213119814
2177094276
2165500162
1873963580
1634412421
1602439238
1567098890
1563630030
1448198551
1361923273
1348428252
1281901753
1261774309
1075105236
996004746
949427672
738935744
611298457
581463369
550708009
545926541
545443555
524920756
522473934
486554059
474833666
466200116
458472656
438717402
400081139
389478569
386510575
365869457
297882651
259269984
246660718
240483932
237433021
224267898
221188739
214298126
206105134
204048728
183174649
170762012
155925806
137262869
125866717
116356208
112312524
111142275
98675420
97807103
93299413
87215756
81362398
80323018
79025750
78019963
71285532
69656547
47013883
46597488
38662589
35172803
33704304
30856378
29207264
29159053
29149563
25142830
23750395
23675776
22864972
22600024
22118374
21362105
21276574
20566188
19980906
18310869
16441489
8664042
8350382
1962711
2693349876
2457815676
1738934352
1338735708
1226714575
1210426358
1195647864
1187703588
1181071328
971799625
834534655
820903999
788359453
622925476
609184445
603230513
556525729
509455043
391924284
379600618
371708977
368705301
365406077
351546294
335272171
315087411
290372460
277043439
223085400
212135544
186352104
173355140
106381858
104297697
82009552
64313692
50573429
47027977
45304699
38827361
24239759
23728174
17331252
3513230292
3058916672
2922551936
2455053222
1281248227
1110553549
850660369
762723445
375414728
221289012
182383950
106053228
76657513
74146095
61245752
17329603
17329538
1645090759
1417443722
1356079628
1097077514
806820914
772592971
620991632
603890026
571612670
561787245
540635765
490902923
486271123
471681244
464601685
407645872
402641039
401991990
337779475
334964428
308300937
301234472
281537016
274047674
212023524
107311708
79109409
72459957
72455896
36279013
23003467
18543602
2699761052
1707578150
1115817762
1113813848
1059136278
614607555
418397883
386464078
357364935
319978147
304016237
300026989
292743111
287355792
284871248
275295533
261603260
231626922
222282079
212745500
178616491
118936320
112867743
55739070
54371469
46467162
44498278
42731990
27855280
25567231
25043563
3963187816
2187801762
967799305
870935143
496835174
401305806
389819921
384741904
377232495
375165799
326088169
311855004
286500465
263378242
194794142
137512776
21641670
1074675594
970154557
860459882
607281049
455000352
393672457
386420143
340846457
301420268
269505461
267263100
246618596
224362490
217045848
195468650
182889996
146813134
133800317
133248846
125925286
117299815
78342014
62325140
41562632
19159855
2598779072
2511915888
2508771217
2452691863
2443629019
2418022400
2407864338
2402277775
2360700992
2248322468
2205470754
2189743058
1659555512
1569284628
1417458918
933306924
911698128
911424206
798085404
793753560
780466268
732559201
613145647
589058118
587095915
567642358
567145822
552650080
547996950
546624550
526752480
505256714
503916412
500612634
493645155
491100761
486511127
486196329
479256191
478211637
470648588
469783363
420567413
406190458
395769509
394471665
391042770
379561792
378235235
375396259
368267327
365184247
360535155
351392459
335105401
327301633
317603347
307752063
302444498
298144430
289908240
286011170
279511233
279506973
276826902
263540125
262921406
257871454
256765114
255269810
248447325
238764205
235137917
217242800
215766123
203388482
181951806
175808381
172240799
172014716
168092442
147944990
110596459
98392080
97712170
88559613
84254695
55131390
47881996
43064967
38968374
34749677
32996081
27598307
27596968
27566565
25388384
25052629
24628429
16877611
15250661
14301731
2576461
2640011720
2435002538
2417233388
2375007637
2313284220
1647387242
1343559205
1279088587
1188704910
1107748134
1069366428
569208517
568056461
560959493
511697712
461852206
428778508
415315500
400506214
393222141
386270678
382401540
379604439
373387703
313246748
309321170
303608583
298995293
296240160
281371173
278291343
261501215
258729311
256719618
247129840
246244474
240461685
239265019
237130391
235827289
200678702
197213097
187766932
183066104
171887169
171440504
161166602
133900323
129968619
126215515
125831391
118532204
114952056
113608725
113171367
112276820
109806902
108842691
108201095
104720589
104719751
90824161
76784093
75164229
73386633
69252478
63280248
59358145
54064159
54062739
51000234
44528314
43299877
42831486
42744732
38364408
37119112
36026470
32830432
31604067
31324494
26600827
25656631
25411867
24828216
23017452
2303406624
1359603444
1143472657
931712743
542838911
540216621
525208028
507672047
506269108
414248813
388421804
382560919
332898591
318967677
302162093
288477764
281635993
249186003
248655839
246772342
239172505
235910394
229454266
226087776
217461138
214413743
213969309
211269846
210775513
209580428
191879849
179414795
171985977
170863272
166905249
157055308
151540858
142365178
123577980
122877975
122009091
119659524
116757352
115044590
114729566
111280097
108247668
107872957
106920576
106819677
104094630
97305237
94058128
93819292
91083585
90636188
82724710
82322622
78502161
68674747
63145571
59643860
55353207
50701654
49488784
48459607
45843783
45578562
45575696
44340677
41906364
32030308
31209800
29774933
28297965
26235265
24871896
23440052
22494360
21046818
21044208
19341255
16143542
1591083258
619548795
552632832
400643174
370655949
354213043
352078462
330022883
328550269
327190615
317708215
285395562
281947148
271292659
259597381
259449625
258601324
253273259
252392717
252291818
251965342
251890113
251889582
242489856
242142273
238343689
230383149
228299509
225633916
224846346
224839276
221340807
220938618
219247004
219238586
218366867
215138502
215075965
213479273
213147768
210001531
209470678
206037540
203261118
200766076
199182267
196530731
191351774
190157503
185902260
185527889
182803523
179776014
179011520
177501065
166076778
160541702
153264772
150564400
130795100
127765218
107907690
101783220
92424604
87118217
65228881
65202448
45512887
45452226
45315977
37546911
27594601
25039116
20570629
17885553
17692554
3272642102
3222010909
3221970338
3221961048
3218979734
3185702059
2949204853
2855255702
2810785386
2797214395
2763922720
2706072331
2500955780
2439098062
2409254406
2338038068
2310980448
2291969739
2220638376
1614696542
1564075844
1533597631
1433730727
1406628158
1304721780
1288050427
1264286744
1262056626
1242556728
1163125105
1160155238
1153851032
1133920393
1128625483
1035100758
972457080
934113512
931491925
865883858
861083240
842089302
834911994
829361395
779539110
778593348
775887091
755329339
735901243
732273199
725496920
724957022
633914662
633223321
625659974
622796109
622636952
617835437
607818608
601096309
600794148
576768757
567628377
560641368
554675893
552537503
537072115
525754804
507026258
498007723
495145422
491581948
486823248
479017004
470983439
466882955
461745007
461532484
456593827
456497995
454737810
452102835
451215777
447977892
438973665
436482631
429035507
418581208
412845000
412801575
412781038
411344981
409089061
409087289
407799339
407641532
403200425
402037925
398430156
397125836
393842481
393603188
387095290
380881910
378460963
377787964
375562566
374920893
368534557
367599735
362668925
361315016
360104966
359858854
358814014
358019924
353533799
350922801
350334760
350224247
349023090
346478257
346005284
339246056
338462945
338421093
337067856
332129210
328866862
324480336
323469361
321866313
318451114
309824558
307602692
307046325
306685193
301440887
298439457
297028353
294830358
293373892
288662354
286677598
280134476
277275263
277242683
277138669
275564493
274715985
271690376
270797700
267099256
266076707
263800151
261598082
260996982
260248295
257993266
256781040
255487614
255463033
254783152
254434063
251168288
250568454
248883264
248627231
248232554
245566931
244841791
243627457
243116248
242567007
242329006
242256757
241654941
241472448
239411196
233924133
233477304
233130562
229433742
226125496
224958320
221580536
221329201
220084871
217574598
216177591
214523607
213027981
212019653
211758307
210792232
208955952
208913657
208077333
208073965
207579964
207016192
206871837
206110884
206079538
205584866
204002663
203903936
203753337
201104839
199972416
197370475
196733852
196235064
196133580
195705660
194213012
194028861
192870502
192170847
189807621
189462546
189233537
187890010
187090217
186286647
186202772
186113747
185142711
182401865
181933750
181383752
180913819
179068949
179036286
177547780
176888549
176738432
176725528
175298380
171117515
171002992
169072119
168606635
167751947
166941174
166173667
165763340
165761267
165747474
158032832
157742091
157718652
155904242
154176403
154115711
152185778
151884949
150997977
150429478
149733596
149280865
149106916
144282079
143168042
141296888
140723053
139876086
139808713
139385992
138387125
138330579
138207171
138002210
137418466
135421739
135180139
133752238
132556818
131909897
131442917
131228928
128506308
127681007
127252325
126900950
124445967
124125666
123198877
121828529
121046433
121044171
121033748
119681723
118921339
118303698
117617792
117407834
116438547
116146403
114795028
114453438
114423418
110384744
109275593
106961801
106345557
106166993
104844823
104148676
101779040
101311381
99918503
99830375
99735551
99448420
98969077
97913631
97893963
97736059
97424796
96099067
95910744
95679201
92945681
92892933
92724677
92708272
92506516
92211391
91997935
90936647
88692897
87494756
87170277
86451989
86342593
86082216
84542880
83899410
82267228
80989226
78941611
78380918
78058750
77714495
76338150
75944454
75050496
71260284
71201743
70954200
70931004
70179948
69393168
68939842
68663578
67853109
67545361
66388461
65225366
64338176
63228166
61455757
61436584
61002515
59163737
58778161
58278417
58168969
57318762
57235218
56056708
55251954
54955065
54947659
54510616
53109239
51711610
51492686
50684862
48964542
48411610
48313034
47912448
46094971
46020276
45847467
45828349
45025729
45022448
44833245
43055947
42837569
42610327
40903886
39707654
38393426
36973711
35104773
34559431
33936357
32845042
32840017
30631766
29963396
29930178
29683515
29561483
29387813
28808363
28358405
27792438
27683435
24882286
23592970
22917798
22917705
21971785
21777177
21367580
21027057
21023146
20778790
20695836
20056177
19720747
19686111
19378833
19183953
18845181
18673041
18098930
17523179
17211291
17104253
17082958
16575782
16542390
16375496
16077698
15639696
15104935
14585010
10933912
9409752
4380591
3901397063
3609774262
3280103755
3159009583
3045832634
2875032028
2781989112
2758433568
2709015152
2695253526
2477396257
2471781942
2436382159
2401855301
2386912129
2362313839
2324653336
2273669861
2238501852
2215550291
2211178179
2181966315
2167932148
2151254692
1884987090
1814204582
1701815412
1672729003
1664576036
1650531595
1634788782
1618416409
1614554870
1604846209
1604148390
1592821620
1577115986
1557711762
1550998927
1545199639
1545145386
1544584296
1538431405
1535805612
1512503862
1498335224
1448523630
1446879877
1444570550
1396882598
1361705784
1360731883
1343673984
1342663021
1330852717
1325919372
1316325944
1303154954
1278630024
1277218280
1256813586
1244278843
1242952262
1223632663
1214692044
1203203768
1201354490
1188404486
1159481827
1144466564
1141480064
1127543780
1120913677
1119475106
1117732891
1106669414
1105711718
1105378531
1100409865
1094993017
1090153801
1086876776
1083211062
1081340030
1079393712
1074894240
1072308420
1032738674
1014066030
1009491446
984349411
979519574
971649523
967544684
947159016
943571766
943160329
930480398
920730482
920376740
920294892
912955382
911439312
900270649
899383634
892889323
891921258
869710254
869273892
866021497
850999736
850819262
843390968
843307698
829143900
828297506
816190831
815391212
807428172
804706128
804557298
802959734
799502378
786651834
772866758
772299992
769054884
766943978
766699657
759912756
758909468
756609428
754824398
754823287
752309719
750453884
743597340
732500761
731367602
722329627
721414687
721318886
711693565
704644820
636252842
636073272
630079522
629207140
628493181
627270686
626985031
625122668
623887985
623136895
622403852
617258082
611381990
610301399
609774385
605199980
604539402
601693221
594443294
593364158
585203769
579406071
574093447
572933882
570914768
570351698
570207920
565487726
560858790
558780180
552378433
550699528
548657860
546509877
536143097
529772189
528663454
528308693
524794455
522671394
522543675
518327209
515927212
507632794
502267405
501573511
499123079
498665933
497853630
494838169
491811393
491150133
488714597
487515642
482085460
481649873
481384115
481105358
480378012
479633532
478310972
478299555
473171805
470484745
465415581
465399426
464115067
458124152
457730933
454736754
453440201
453391495
452834167
445906969
445341478
440602667
438104562
435706603
434524635
434448184
433102407
431640690
430641812
428533645
426101736
424419209
423697621
423424728
420169955
417708983
417097825
415302806
411898068
410218658
410142124
406886217
405919526
405888573
405406664
404288509
401831623
401829122
400368895
394267959
389265907
388202463
388102471
385480818
384775319
384094515
383120517
382489334
382076279
381346813
381295550
380310734
376035528
373181381
373046596
372154738
370640586
370611197
369459129
368802046
368228652
368086280
365729550
365504743
364819835
364742967
362116059
361441403
361278739
360451950
357257551
357182686
357068458
353878643
353692733
353689773
353059525
350855806
350739777
350241215
348265432
346391676
344597546
344367723
343887622
342697022
341571882
341554503
341372549
341290539
338939548
337544630
332919389
331543900
328239527
325859046
325640260
324204750
320782984
320347062
317475686
317113567
316333461
315035989
306791157
306384731
304734679
304247703
303599504
303095542
302468792
299586942
298583693
297850671
296489918
296146340
292097853
285015791
284510806
284488540
282819786
278482967
276665056
275445952
275040716
273461517
269728099
268844576
268315727
268220151
268152337
267970612
266009251
265245001
262690029
260062202
256174668
256133861
254990620
253535702
244474835
243551648
239737846
235165695
233929184
229407070
229103183
227764232
226279549
223232439
222113108
219942340
218649291
217718336
215376388
214266687
214251466
213626084
213012745
210939538
209549732
208649048
208582070
205658106
198623734
198591175
197576547
193744574
193208430
192473400
186888351
186581693
182341610
179415934
177900100
177496057
174749353
171988989
171251023
170909799
170092922
169894192
168345425
165076757
162621823
153825675
151816481
151755148
147993802
146100835
144575899
141332371
140539465
137396816
137317268
137055424
133556367
133406185
132902185
131281731
127985740
123208306
123084921
121849847
119202711
117902280
108896669
106255581
104799646
104643357
96388942
89308231
88960749
77688451
72277917
70654563
65399043
61108512
59673903
55150532
53969326
52617568
50799351
47840388
45511267
44336049
39723301
38633460
36740483
36612498
36544806
35952475
33841316
29539924
28834257
27798256
26974032
26607479
24664751
24143545
21623552
3655483046
3645730692
3313998240
3311866440
3075777354
2992750166
2896210100
2864627751
2845136828
2845114789
2827145816
2820430172
2785544503
2777372786
2214991352
1576808130
1411587445
1113341312
827970252
462713071
307749870
298861516
293365169
287603080
256329586
248568377
246502388
243865694
221190182
190548520
188622462
172295917
143721883
132731802
129673790
106878278
96050699
74294087
63172203
55222584
47213732
44835347
38576013
35942019
29576445
25442307
23879043
23870869
23181372
23046015
22993014
22705952
21089219
20425537
20203870
19577385
19437693
18753424
17456542
16714896
16213404
16212771
14740392
14740227
3105581058
2944440704
2863745719
2697182696
2605024528
2465702502
1170311498
568135547
559312899
532884988
235354349
224112100
135323671
112578012
110071314
52266707
37879200
33458339
33150122
27930140
26032912
24502450
3397614014
2825232390
2672688829
2649623161
2646748014
2577925291
2422691344
2393844469
2300779218
2186207924
1976865085
1929717391
1922072725
1845164558
1709026405
1611756878
1461512112
1361519083
1353262172
1132531790
977085180
929373746
786867271
711691441
632817143
579597705
573244782
570513390
540485961
538984646
538191458
529147678
525812268
394383529
389808189
338781770
338036917
300705278
274249799
252986202
227531567
170526680
156077839
145444495
133599328
128440862
117296775
108209937
80965423
62776140
62755938
58992129
52585003
44302241
44288405
43304756
37611292
36872712
29863656
29401651
28791311
25298878
25298569
22196776
4553061
363957352
323608462
242463805
228606321
220811729
219874075
188950504
188711259
188676325
180256822
169795589
146379856
143267219
143094665
116307181
115541418
113540204
98535095
49856275
36871919
28933924
26198059
23527163
14381279
770735350008389632
729676086632656900
3153892631
2303751216
1536791610
1330457336
1180379185
1071777608
1051396218
757303975
620571475
471672239
426802833
326255267
286303032
244655353
230450027
227837742
223970563
216776631
172858784
138141495
130496027
111216929
110396781
108471631
95713333
93069110
86129724
81482674
73238146
61734492
52544275
50325797
48120914
43963249
41634520
39349894
39344374
39000115
36890646
35218566
30313925
25073877
22203756
21619519
21431618
20733972
20713061
18916432
18767699
18646108
17995040
17454769
16955870
16815644
16459325
15207668
15075999
14940354
14815420
14529929
14515799
14434063
14412533
14377605
14345062
14344823
13850422
11856032
11134252
9300262
1367531
747397341599006720
716069746580389888
712434861525573632
704296072462512128
4923807390
3254609082
3107419069
3029946184
2777738251
2545181509
2403055951
2403022746
2368427958
2358754670
2339827555
1526987174
1279168268
1229213636
576732842
513918431
344571447
227257105
193228538
171815773
124055156
61907383
21722661
19019494
14229825
14129253
1178154709
550900141
457789335
457761690
374430435
341824614
337382401
259399482
245153061
243525545
234578265
232422202
178910519
147431076
137892503
121595197
118562780
115884789
112397157
112342543
103725734
97377606
94977698
92932393
89575540
87824949
84198189
74950126
70571651
68868319
66924202
64925044
58111812
56310313
53110793
51978298
51243167
50184250
46999306
42533156
42342998
41514547
40068395
39159473
38385044
35619835
34886889
29652694
29131069
28512133
26905657
26607837
25956619
25003408
24653039
24163305
23865301
23409104
23378312
23376537
23375582
22886809
22455257
22421051
22333048
22123727
22105603
21826627
21749564
21396909
21371948
21271154
21176417
21075591
21036530
20968539
20946600
20945439
20427521
20356090
20214583
20211415
20138772
20019502
20006373
19960906
19940915
19937197
19698126
19644074
19317766
19169287
18352880
17956766
17719532
17702626
17638368
17408056
16345086
16216152
16213375
16213339
16213210
16213139
16213124
16213107
16212687
16198940
16093222
15991479
15806941
15699299
15683048
15414356
15412472
14828367
14707794
14656057
14349513
14222550
14130643
10403562
9560992
9325182
8828892
6190272
3099501
2768501
273774135
271256921
269721794
262448758
236527185
194432712
194005659
177842966
165660881
162978680
156544459
148891886
139975371
137507788
136131338
135890983
131040970
130426530
128452996
125486974
121328016
121054661
115552927
101681122
95064543
94444788
94015454
92859680
92443545
88544654
87650261
86823243
85722580
85688156
83515164
82790149
76842602
74983704
74361628
71410667
67166472
66917778
66612373
65574931
64705123
64644122
64380320
57181602
55044391
53306269
52621743
52320140
52261883
52211840
51958185
51932695
50560529
49942109
49859711
49223858
48211571
46260680
45543485
44286651
43834966
41546899
40962194
39992118
39700659
39700221
39171398
36312574
34865851
34206132
33056274
32201297
31101715
29405772
28215308
27572392
26635704
26403506
26337627
26140726
26112841
25910700
25412283
25060362
25036511
25032802
24840047
24110511
24062457
23727032
23700113
23666107
23571876
23517305
23183563
23011721
22893557
22890589
22725485
22699805
22573600
22519146
22439643
21968297
21741564
21610988
21527471
21070592
21061618
21055261
20812102
20668294
20648508
20638362
20401393
20032587
19178668
19161884
19161682
18965916
18449101
18324246
17774061
17673160
17643301
17509312
17506128
17399645
17113410
16834659
16731449
16463397
16340404
16098821
15815674
15176131
14914091
14879825
14839449
14779869
14740721
14658441
9609632
8197942
7900802
6200382
5731322
3684431
3148251993
3039535721
2853485926
2797136118
2726337575
2429065184
2419227660
2185435212
2153299268
971053291
946442220
607397828
504717905
475820441
466573221
453365444
423490913
386795602
340671834
254610699
222196601
216007706
212830320
170167167
163890442
144083497
133809776
125822027
118485945
112845950
101870525
93998005
65986990
59529184
32518238
30013326
3389784989
3093889251
2327426594
2289584550
480567897
429903915
420535612
390278247
312624837
275667367
252605340
214784524
142393421
130230426
105136087
90697573
85998406
74336899
72876352
64851983
64506656
63808966
61626555
59885303
39252219
38665133
37932287
34929819
25833289
24676302
17991404
17991286
17973861
17867240
15911679
15292226
14799862
12652472
10950922
9604032
731169839398686720
698290598193852416
4580455575
4303683988
3818161337
3352030833
3348181822
3308175947
3237189964
3221267817
3150026453
3121258208
3063957725
3009633707
2903905268
2838177101
2829556641
2828973243
2802770734
2792535530
2777390480
2759512769
2573706998
2567508709
2567384996
2557911686
2482717628
2432077394
2417991372
2403313447
2395583160
2390498581
2389871857
2389747646
2360186804
2339449490
2339396719
2334322310
2331090362
2293559024
2251181160
2239764811
1728987906
1610849600
1544018923
1473476510
1352292152
1304603425
1284026066
1242202224
1107417866
950972784
812181108
700862710
621122346
553888325
536834971
460369640
382452101
370262498
320942206
314414866
302922629
292013793
241356505
236112959
215870731
214721537
187028504
142068901
107499804
97721009
94352899
91035344
87468434
63781387
57724999
54213458
738029113420746753
732899546687262721
714478615476482048
4131879975
3369693556
3175058140
3025975881
3000044396
2826379013
2484226796
2431318645
2347899770
1199666076
980541804
952793737
872374136
739784130
367744703
363972381
259435698
245961920
238143925
209003577
152783756
140654572
73242649
27776098
3360808089
2606024802
2387543119
2254219028
1975996200
1880886457
1875887166
1869929936
1798238012
1569233131
576426202
526918692
526617721
495051378
484679568
468921945
364534870
346720185
301580789
293807001
288512532
279585284
236929125
236901317
207648877
199724308
178349242
138659378
137777595
136390526
116892785
113380240
111079605
105761223
101889526
97250990
92000535
91407750
88939551
81225298
69452830
67656004
65815071
65251534
62557485
59340951
58951368
58668131
55079286
54341363
53751696
52471614
52467382
52430198
51628808
51524076
49817153
49672616
49417962
48073442
47916957
47858027
47382131
47263956
44341095
43340817
43208247
42031296
38427754
37681380
37545509
36645861
33742728
32898954
31533509
31431219
30877538
28357612
28055231
27375704
27155688
26618657
24640529
24269775
23224461
22945623
22450318
22019866
21227208
20166847
18297088
18219976
17937117
17715048
17145115
16911404
16814960
16795139
16725544
16455330
16369410
16310624
16033602
15899253
15460200
15336738
15292534
14654943
10683412
9722452
8360682
8360552
7751462
792795
4875624778
2931782813
2728660811
1138786016
554755404
511577335
450874614
325863323
319956167
285634142
179185127
130580708
2428009478
67434182
64020867
51509917
27168893
730825101378211840
3094674807
3092482455
2964803704
2875148020
2716763753
2677675820
2609748121
2508415207
2445921702
2377502743
1912394168
1650330319
1436541721
1301234378
745333897
357837569
325131009
293679717
249344357
237687306
202807015
167124877
164439493
161704706
161431654
157226645
141222392
132513707
121601881
96775581
95253000
87186953
85944867
85327394
80682159
78446086
76999488
76049312
75155148
74716301
74500609
73745956
73240618
72849001
71310152
71065638
70445566
67721045
67098726
63760347
58578276
56843641
56689326
55219556
53832123
53702605
52724814
51064768
50038380
49774583
48040416
43166531
42629261
37122131
36585212
33062430
32101740
31139434
31116114
29434532
27419060
25010655
20242549
15828014
737103377847472128
3241457814
3084950638
3059767492
2832189679
2747065584
2719026478
2249668730
1951718916
1567139210
1447642580
1368837252
632778701
384842767
363479204
298041486
293807232
263827920
257810167
256186600
237978772
224628959
214110296
212604444
188025490
184886970
168325253
166558834
160220033
158018155
147010883
143152838
139576705
139183350
137077971
135017417
126346511
123129689
122059590
118553312
111688862
111685138
106295236
101531206
91130218
88052571
84721141
83693724
81168105
80306410
78433496
73265694
73191718
72392220
72137125
70679198
69649896
66461494
66270761
64329731
63767657
62445430
61852359
60376401
59157475
58550063
57695296
57520937
57398778
56307923
56117840
55862523
55793164
55729783
55583641
55562632
55352337
55339094
55069015
53803567
53185835
52408837
51904386
51901352
51585152
51084686
50439240
50055866
46178766
45261061
44137899
43436560
43177494
42015049
41849284
41167301
40172247
39593051
38868148
38320575
37929603
37359593
36698194
36376988
35131646
35000383
34819528
34159735
33591596
33012764
32793089
32547215
31493031
31414386
30574625
28562620
27492357
26666215
23527527
21421297
18137030
17952006
17327804
17164078
16670741
16350198
15882333
8791982
1081322534
185339696
118948519
61071336
59187103
35575004
25713338
1671544706
94069811
40721032
35856249
29479000
751454653011951616
4060086012
2853566626
2801849355
2583019922
2447391054
2174537102
1201152774
793977547
574727653
421268817
306455439
267925279
239472818
226409689
214570761
200924976
183398510
181129494
180474276
156719729
135931441
133008925
127332992
123686780
95748202
95728352
94190837
90963197
88711472
83634722
76715426
73932071
67150902
66441430
65473559
54527239
51282549
50752334
50470300
47754867
46836821
46409160
42593930
40261159
35863360
35826681
34366699
31511871
29913589
29274419
26573303
23654729
21823056
20805188
20766595
18122496
17850880
17675497
17473827
16632084
15084884
14594813
14594698
14311308
13642662
13531162
9317652
9317502
8802752
8110402
790680
3108587889
3080920228
2670726740
2413140781
2389335901
2296138146
1897952138
1433882124
1377727118
1202130601
1151011908
1096328556
935686766
454360094
354095556
342994346
283230411
264344384
243182504
233758999
231192764
222157159
213463350
207739610
196461112
193003734
180500907
165922194
162122590
161404367
160576237
159166587
158466391
148457046
140413929
138814032
136412912
135269423
133108380
131574396
131286287
129892683
126364474
113430831
108626460
105236036
105155795
104210701
98419036
95711825
95543829
95456869
90298348
87744903
87679593
87677475
87324565
86320511
85647830
83867205
79555352
78931998
77210725
75267429
74234605
74215006
72137926
71623085
70987200
70952138
69373037
69066485
69040887
68873249
68810711
68313718
67116086
67072863
66814653
65491379
64801214
62813354
62613320
62601015
62501888
61843152
61481695
60926333
60640635
58065771
57106033
57067621
55366483
54336513
54312869
53437774
53050115
52780513
52157924
51834513
50711276
50521586
50400579
49437070
49051293
48298703
47835702
47334046
45912326
45870897
44992746
44449830
44005522
43189774
43090319
40463380
40351060
40306955
40245593
40095953
40053694
39931528
39826188
39522911
38659819
38250514
37776045
37717107
37055387
36101169
35879806
35866419
35480179
34922975
34586817
28148944
27736576
26061356
25858078
25577585
24746057
22928776
18549672
17574238
15768105
15230805
14700349
8150682
304092926
128372940
112498734
106134926
97088495
83916401
83844236
80044177
74756085
73803827
62804559
61617112
52364013
49696756
43041690
42454330
39259665
38465537
38218262
34315008
16878280
2648026770
2551415983
2205020565
2164555410
1306116049
1170371384
1072504711
831760092
336039456
285783112
218450434
191661102
181245287
179271797
174440317
158381919
153881965
134647381
106084970
89277032
84378965
84094789
83696895
82503870
77920426
77749802
75328097
74763991
74626513
73950252
61592460
60110208
57771039
55302334
53285665
52849416
49482019
45982977
44987020
42157075
41660842
40548874
40545889
39660757
39074370
37220271
35017628
34290775
30117765
28380075
27297075
25119832
19303338
17021687
16814640
16794066
14137686
14059055
11206912
8983582
1950901154
587604650
573925984
348642647
320730589
266840286
218616696
198861212
190277925
167361831
158567687
154313012
138531402
133687873
114078769
111381144
82780065
67595911
56871416
56472565
53143647
49650908
47508979
45682506
33709706
28358467
27814620
22525270
16057857
15668210
12200812
3400597023
3355365023
3041482583
3022162372
2991866897
2872146289
2436955978
1675843968
838282952
492654967
366381629
341221556
323359676
300114634
288475724
286503575
269031561
260257467
245824043
195145375
64563165
62078759
58250124
43372176
42894971
34082314
33096965
25073959
14171689
518600762
493097988
484929557
248972491
229245448
164687686
161866602
151994602
139479827
135133022
97228389
88476622
78061762
77012859
67163441
66832812
41169696
35105162
34637237
30732198
28191737
26228191
24031223
23245572
21274159
16259997
3602374821
3020024756
2495002212
2387281621
2180301955
588486669
380777667
338346216
259303621
243404603
240886268
230553462
201888265
193843928
168891324
162787382
86002394
79512108
79448164
78192935
77354708
76102930
73406718
47786887
46682248
29780904
29498970
27382182
26557459
25375962
23546948
22644280
21756477
21661825
21660529
19923144
17345146
16606280
16407418
16022427
15004960
3331971999
2958923837
2905208998
2284066417
1201227116
1158539821
1121792486
842780430
768217549
482568610
476051920
318753109
259915060
213490351
196233598
172333824
172151677
169585802
129047738
66158220
40944827
31527947
2213250391
2150617223
1183943894
908135107
555517346
530842489
421604536
398546635
387752934
333119886
242072683
195474252
158557266
148823582
131540058
100576626
73412535
34296189
33654231
19511486
768490580749889536
2924354769
2693921882
2163561812
1360191319
820070671
374620796
289504508
275123199
205938397
114833029
67030678
62635508
58922773
44685125
35916348
27725512
27011033
26109659
18360939
