3083507767
790574392048705536
2200407805
162703842
790843290107076608
4708841852
721531284
2392559504
1241809974
738224562492473345
728151650498535425
2471604769
727400887933648896
295109386
1553936658
727398395896299524
727399866113122304
727400487956418560
562996383
56994709
2411267647
785058742245036032
3628200312
785011271611461632
798130082199912448
2868931813
253886735
1161092761
802368831813349376
700018934498504704
2929787678
450725724
780029312342732801
264484281
489183559
726441889524793344
726746239006552064
746058107634126848
726433899597975552
777816282540433408
775062840558452740
731239526098710534
726432035066228737
731573947016314880
776847032065613824
2257104783
727580913605947393
787754607661424640
726432734692925441
746061407129460736
746099923339251712
776882324478844928
731898055369183232
777064442362142723
746100176176087040
746101095798169601
732187594197487616
731561776526020608
776881045631299584
746057123528773632
735018274765709312
636225155
189147634
3061104541
3105529472
173704094
778113543510065152
2392317451
779326628568588288
4565794512
3183412627
755916378205335552
4100791994
802541935864885248
746100612320763905
727194588197359616
726195036107448324
776861869562851329
731572669020262403
776862187990245376
727262131217903617
727261092863459328
777063826667692032
726552311401713664
775063086604648450
727580071217770496
730500856194412544
131166510
4751109258
731901854880141312
770118894992420865
3382098794
3010821306
702033926966018048
3069184736
3061486914
807585014544109569
3228170996
759668849381740544
755291247418363905
781097072678178816
259745036
1899361879
763279090098896896
2225647173
1594822214
787953451976105985
1664580780
2928501146
812738703856697344
789806074144624640
912226712
402689204
745226655996665856
728508634276106240
4636058360
780697308119769088
914649121
4609520413
785830685038616576
2386812498
745187324560977920
337110575
3076484748
4076967192
4213070424
4693953942
777130657952571392
749189326810935300
769586971123523586
560044710
2841310098
21137479
2870145380
516427523
700572724096139264
250571283
3021269406
523143644
3570415400
213093600
792330965905387520
1178291611
4555193473
365449444
754379906100977664
1685877672
3302424210
803633346609758208
1438291128
745966263495593984
2669336480
2472891342
706456782751698944
773860238114091009
787445991989350400
1904194597
181687258
4464445333
808140544274632704
1609725937
712168632470478848
711839561832275968
1182010928
756302356564750337
2665273472
985954418
804677076938682371
748427794758021120
2886561966
2929006257
799941503128727553
1723055064
3162721873
791179185561620480
235855950
759699941832871936
3588096200
2831586132
2626641024
3286896752
750574635637440512
349753379
