3263
2680
3135
2081
2145
515
3205
3258
129
2078
997
2998
299
3539
2110
2140
1636
2030
1291
3468
1972
1879
1715
1665
939
2130
3213
646
384
1840
3124
843
1908
2913
1299
550
1829
2240
3450
2250
2882
3554
858
1769
1807
404
1683
1377
2954
2853
1323
189
548
727
1909
163
570
1565
2646
326
104
3150
1654
2926
1316
1065
3489
3011
963
1777
1867
1624
218
1294
3092
106
2619
1796
1708
3513
1029
3474
2781
3488
1011
2180
417
3231
342
977
1254
3346
220
184
2408
2138
3077
1870
239
1722
1962
1371
3377
3119
1062
1173
2589
507
1569
3341
1462
335
1414
1819
1390
333
1533
866
2139
2494
3407
1044
632
1894
3222
2837
3544
766
2627
3261
2539
1543
33
2241
2979
1229
3438
2193
262
2601
2116
43
2429
1563
2632
3485
2857
57
3508
2902
3540
889
191
2576
2232
3
96
3421
448
3441
2292
1466
2585
2435
1022
2565
3514
3545
2637
3295
1054
1386
495
1354
1692
787
1936
1638
726
1584
1611
1209
1182
2754
1720
1568
3074
2449
3103
155
392
1450
783
2223
261
2709
1863
215
940
1388
275
3478
2443
1079
1435
3209
833
2859
2052
2354
1332
1995
281
22
3226
3246
578
516
2510
3111
1424
3154
2901
837
1832
1847
2976
11
2440
1249
2246
2519
1374
1925
585
1776
2275
1642
2701
1985
2973
116
3307
3313
2805
621
744
2175
2594
2956
3158
3561
3210
3016
3220
3275
1886
2634
2543
3422
2687
523
3127
2020
101
267
828
1771
1623
808
412
408
2342
952
3204
3217
1283
2390
422
1792
1989
313
1280
3182
1191
1545
2446
1327
2699
1136
3439
1069
1197
2723
924
876
891
3034
3219
3507
2814
2439
2493
566
682
450
3467
1328
1325
1639
2097
274
2374
2091
2259
2109
2586
2916
318
1315
1412
3342
558
2593
2990
2416
3388
2925
3245
454
1741
2855
351
3329
369
1375
2641
1693
1241
2943
1497
1699
1702
661
1421
2044
2602
2368
908
1602
3534
1287
470
166
2339
1165
611
2034
2181
1650
1757
725
1559
2229
88
2612
2512
1499
1740
3353
3009
2265
160
3109
1480
2994
1729
67
2219
202
2133
3029
446
1232
546
1033
3340
822
2343
1580
1536
2521
231
1566
1846
2912
1176
1647
298
368
3306
2530
1864
1579
3218
1725
950
2917
1117
2120
1614
2823
363
1431
2725
2496
3028
667
1086
25
1438
2380
414
2060
3572
1781
1158
2326
1836
3212
1383
2165
1916
1337
1935
1668
1378
3461
376
2023
1051
3244
2999
89
3271
3125
2108
303
851
3408
167
3152
3383
102
2520
1122
100
1345
629
2389
1833
2370
2794
1617
1103
2867
3225
1704
309
2361
3286
572
425
2533
1856
1518
1024
1215
3419
1264
161
813
2907
1695
3267
1557
2070
1127
3107
565
938
93
3476
1180
2927
1156
1076
246
1418
3081
1657
1142
2251
2199
1433
159
2013
2348
3555
410
2105
493
3293
3037
2572
3260
2484
1731
1900
3496
1081
2903
203
3345
958
518
156
1092
941
2121
2516
948
447
574
3517
1939
190
28
2118
1445
731
1300
1016
2677
3031
158
3282
2448
2422
2459
477
23
652
152
430
17
398
2255
2942
1253
2152
536
1760
3052
2548
3357
1701
2327
3347
2620
1486
3527
60
175
1514
2934
1392
1675
146
1473
94
214
2809
1904
1453
3546
2068
253
1786
676
848
1282
268
2485
929
542
1167
934
249
1525
3252
774
488
263
3502
3547
1121
1405
1489
2953
229
2801
751
1174
46
3083
1818
1309
554
3569
3123
1053
295
663
3151
1578
2472
1547
2722
348
2692
2587
2170
3264
2711
2600
896
2648
1084
1411
1451
2584
1524
1571
509
457
1841
1754
2042
983
494
1953
1711
901
1887
1952
645
1452
1224
134
37
1810
2329
2207
2266
2718
1037
3196
2919
325
531
543
1933
2824
1295
219
3367
1070
223
2629
3042
1169
75
383
2607
1671
3520
3516
1313
1355
779
2986
1162
1607
1285
2347
1087
2319
2817
469
1189
1857
3140
1105
1940
3058
3322
1820
3571
1116
2216
1339
1732
2841
2502
2357
2590
2802
423
3562
1055
2762
1307
719
1408
3552
2178
1520
407
3435
639
563
2628
1556
433
2849
3413
2890
365
2460
714
1998
157
2391
2948
2158
1911
3047
2450
2581
92
3095
926
1949
107
969
1850
759
2503
3309
2213
2269
3522
3114
2428
208
1373
2960
966
2537
2810
1296
847
2972
1691
2759
1220
3021
1957
816
1637
95
1157
66
1791
2071
399
52
1023
170
1764
2668
956
1256
61
435
2866
2418
3314
2749
793
1544
474
3106
3229
879
2073
2062
1653
2471
133
3035
1005
1874
2642
1244
723
2221
3069
1144
2376
1449
3142
380
3390
3044
439
1903
3506
396
2526
432
332
1352
872
307
1171
3202
1091
3233
1211
551
2987
2211
2312
1553
2098
1853
1314
1496
1008
2267
835
2367
411
1017
366
552
990
2297
2672
3305
1141
868
3007
141
2666
865
2363
785
1288
288
2426
3365
2832
3472
2017
1260
247
2227
799
1221
2155
589
1149
2522
2356
1038
2454
770
811
1255
1954
352
1965
1140
724
2509
3054
1217
1627
1960
674
1502
1622
2504
2729
2046
1588
2639
2921
2411
1034
1570
2293
1152
2728
3518
1770
1403
3018
2441
3287
2844
581
2010
504
1193
2993
1183
2862
2726
708
1575
2197
1966
1849
2182
2777
3445
1050
2402
2117
2595
1218
1455
2643
1274
2150
1643
2562
1257
2335
2752
2806
987
154
316
2505
996
2949
1604
2618
2869
3240
308
2212
670
544
118
2603
3399
181
2059
2272
2561
3417
234
790
1658
1504
232
1684
1356
1788
637
35
26
2753
2285
2400
3389
2988
132
305
758
2080
1635
1681
3242
2032
1878
738
222
3316
871
1166
2724
1259
2784
3145
147
394
547
1656
1768
3203
603
1109
3436
508
1125
588
1996
1441
1484
955
2876
2884
2984
31
3163
1493
2396
942
2131
3442
605
2064
995
3214
499
3000
473
2555
1195
2369
3463
2349
1012
1782
2161
2325
3131
2776
2830
2623
1621
3428
1346
532
1956
647
115
270
931
3110
32
3061
216
1179
3437
2929
355
347
1196
892
2888
841
1902
1744
782
3201
2541
763
1851
2063
3375
14
636
3333
3193
2717
746
2807
434
2529
2245
1910
2379
693
3099
114
1896
3538
1093
91
110
641
2710
2662
2185
1854
768
6
2365
2879
1025
960
3232
1845
2466
3400
1380
2029
2981
321
1946
337
1527
2713
2094
2147
1897
2658
4
695
1266
1721
2688
1969
1459
535
2233
1929
2038
1279
3320
41
972
2143
1399
3179
1463
2653
2382
2661
584
1815
259
1991
2455
2931
3164
314
2076
1976
784
3265
3072
1252
873
437
2271
1930
2968
224
2936
850
2977
3374
3308
3194
1223
1800
2877
353
944
730
2346
1562
3405
1705
2462
3262
2819
2527
2478
1551
2488
1112
2114
3556
801
3397
869
2430
238
834
1990
2755
3098
1185
1679
627
3085
798
3361
387
715
2372
2174
1542
3344
3178
1181
74
2447
1366
2127
336
3024
1597
886
1924
1983
602
3568
630
3373
1860
3041
705
2352
3147
3134
1600
1362
1367
1113
1247
1736
1625
2359
1132
500
671
2436
1088
237
1994
1686
1073
1483
2129
2645
2019
2077
2163
1601
2813
2914
1987
3486
3195
1123
315
2514
1351
1891
664
1268
608
1272
2473
2358
1273
970
1974
3481
3521
85
2431
3410
2676
282
3250
2274
2556
2991
3415
2886
640
1992
930
2489
2739
1237
2406
2604
2051
2515
51
1184
1703
2495
2476
2625
867
2900
794
126
2836
2075
233
2727
840
2257
3455
112
2524
3149
9
3064
2027
3487
3531
1134
2528
3364
1844
3055
696
3130
3567
2067
1761
490
2894
775
3339
2056
2667
571
3053
1333
561
438
1737
1512
2399
2757
1795
1979
2124
722
1225
2820
3017
2532
716
2624
749
3348
418
2730
2826
2345
484
2596
882
2633
688
2483
3471
903
3296
2263
2706
501
1670
2318
1269
2218
1192
2679
136
471
2099
2673
2892
1673
1240
1236
1159
1612
3039
2703
395
2279
2582
2002
2971
2005
2910
596
1419
750
2453
853
3206
235
2663
1161
442
3059
2831
2220
635
2242
567
1552
168
3160
1888
2566
600
2144
905
2506
2650
1271
464
814
2705
988
2564
1177
2235
260
1798
3065
932
936
593
2870
2686
599
2962
108
1129
2640
2198
2388
1416
3004
975
2721
2577
59
2217
777
2113
2940
2670
3002
290
895
1694
2878
2290
1608
50
786
1723
747
1687
2280
856
3498
2843
199
3068
2575
2982
3418
3040
1631
3457
3247
1660
1919
510
2340
2498
3332
1615
3199
142
1558
451
2412
1804
2043
2050
925
3343
741
2511
3570
1160
207
1465
684
483
2103
2846
1306
1785
2691
3073
2404
1803
2615
1758
660
2461
1187
1258
1143
2995
3354
2546
2842
2875
831
2415
173
2889
460
2638
3180
2932
3416
3184
2432
1212
359
953
192
651
1329
1447
2061
443
918
965
2863
2045
971
182
169
148
2386
1098
3303
485
2468
3169
590
2818
2774
1872
1430
701
2249
3022
264
2146
3355
338
16
2115
1871
2137
2437
2187
3525
885
1505
3156
1730
628
3300
776
1061
2065
206
2166
2695
2295
475
1917
441
1808
2664
3038
528
1198
2456
2941
2989
2398
812
2567
2523
607
401
211
3479
2053
2796
2848
3128
1321
623
2171
2433
2162
1528
2652
2151
3425
773
2970
1978
1126
1655
690
967
2700
2486
3050
870
1369
301
1766
3132
2719
2858
354
3288
2480
1482
842
1210
2225
3274
2200
3557
549
1970
1454
1787
1598
3294
1629
2748
2254
1619
1531
496
2573
1876
403
2104
954
2538
3431
1297
1178
1529
1395
2458
2018
2119
2568
3406
2893
2334
58
2487
1961
3001
2315
64
2614
2324
2684
1322
2771
3256
1243
2410
481
1641
3198
3505
2036
1460
346
466
1522
1047
1013
3434
1090
42
2226
2685
213
390
492
3530
815
2100
1920
3276
452
2803
680
1554
174
2507
2899
273
1718
1039
2004
2014
2885
2047
2301
1018
2579
1823
1633
1057
1046
2189
62
1821
63
2457
3144
1690
1410
1975
1311
1963
1425
2031
2873
2385
947
1361
1616
1115
3277
297
1492
2608
1927
1427
250
1835
1324
2911
271
2856
3328
656
1501
3078
472
1538
2891
458
2787
416
989
2300
1882
1716
2822
345
1261
807
3008
2501
765
1099
1811
306
3257
3363
576
2421
1001
2868
29
1586
1890
3324
3236
2434
3186
2336
3512
1899
3281
409
2588
2775
3175
3030
1526
1401
2767
2387
2904
3392
3146
3409
2783
846
3371
3013
341
1843
257
2028
890
2298
825
2159
906
1391
2253
1595
3384
2328
3207
2738
1064
1801
1977
2160
256
1517
1302
3484
1101
2134
2997
2287
579
55
1344
371
1467
3057
540
1947
974
1663
444
681
3102
78
2791
144
7
2918
1550
3533
38
296
3268
625
1303
1988
3046
2222
685
820
2414
1213
3093
1510
3360
2022
1228
3323
3118
1839
1898
3170
3401
2304
1873
2967
3403
1468
1603
3327
3551
2655
1626
1428
917
2107
788
1461
15
2750
1748
2395
2371
1138
1168
3080
3494
2760
2191
3087
228
1640
1089
2025
1349
254
562
2375
2201
648
2708
1060
1993
1305
2194
973
830
980
73
3171
1912
3376
3433
2261
3535
945
2583
2743
69
1457
90
1263
1855
2798
3297
2659
1783
553
2101
1546
3387
1928
3372
322
3503
981
2707
556
334
468
817
3051
3126
1852
2682
87
1806
1573
792
1881
3165
557
2243
1613
2490
3362
1669
3105
2397
123
349
818
2720
2122
1728
2606
81
894
3289
1516
1370
771
109
991
1045
1591
1331
3096
1385
1632
68
2980
1353
1312
2015
2740
1564
2928
1799
2905
2302
919
1698
2766
1381
3254
1207
3443
1724
1096
1628
2474
2845
2790
2208
3173
1028
617
1539
863
2800
3270
3189
752
968
2204
2622
20
1955
1
2923
1541
2969
80
1120
3427
1984
1330
713
3185
2262
2571
2413
381
2545
1790
1999
1135
1071
1359
912
3166
1293
728
2609
2769
922
205
1726
587
2149
3497
18
2085
2834
2756
258
809
269
3352
618
911
3560
615
580
3048
697
644
1793
3116
2420
761
3255
610
2864
2957
1206
171
2311
2635
1233
84
2177
143
149
1937
806
1413
3462
874
3015
2898
3460
2731
914
3192
591
1155
1317
2922
877
2284
2048
1094
2184
737
1487
1188
1336
3045
2442
3330
3278
427
179
328
2758
1379
3495
2096
3511
3005
279
280
1083
2012
304
1202
1204
497
360
2364
1148
900
3448
195
1208
2535
2006
1063
2281
2033
796
1376
2840
2690
2735
3120
2210
1926
859
933
415
3187
769
595
2815
1417
2772
1812
1464
883
2574
2839
575
2021
449
2630
1147
2947
780
512
3493
2778
1100
1119
795
2273
364
2549
3230
1214
2417
3112
1318
3094
1239
3541
379
21
2136
1360
1036
1745
3197
3153
672
2016
2351
276
1712
1175
1739
3237
1901
2861
3049
1222
1150
3386
2001
1020
3380
1358
2792
79
3356
513
2445
2321
1262
2734
3174
616
613
1651
1479
2789
1415
1442
2148
187
1659
2049
1858
1350
478
718
2610
1137
1041
1555
2693
1130
1382
3358
803
1404
2470
2636
862
1735
662
361
2123
285
1630
2366
312
2481
923
805
1816
210
961
1194
702
3504
1941
733
823
2491
2142
767
1652
1759
2307
1402
27
2224
1481
479
1043
964
1950
2850
462
1861
2228
2011
1030
1587
3249
1837
375
356
428
1490
3351
1040
2088
2626
405
3326
487
1883
2282
985
1475
3447
2651
1775
1750
2965
757
1585
3006
1605
1780
197
1842
734
3026
1880
1907
1372
1644
3385
2631
3221
1097
1275
3122
3176
340
2657
2696
527
1326
1348
2008
502
778
2952
188
1921
994
1749
3248
2935
1717
2479
177
3464
2247
1216
519
70
736
893
2248
1973
1432
2492
3224
1278
1186
3272
2793
1534
1298
388
1009
2996
1537
1471
2252
1618
2126
1007
505
1396
243
620
1048
2074
1548
463
836
624
2176
227
1696
1394
3424
514
2041
2230
3319
1205
2518
2599
821
2605
455
2258
2592
240
2557
186
2305
482
1128
2381
121
781
2383
3032
178
3079
1006
265
1511
687
530
1620
832
2689
539
2330
2851
1802
643
2256
1767
1938
1762
3550
2360
343
1335
2958
673
1133
3465
1583
2024
2039
2215
128
1560
5
678
1245
1828
560
2716
3215
3091
2309
3117
1477
3211
537
2880
3188
272
40
2945
3148
498
1574
3003
2203
1400
3243
743
241
2192
3143
1139
622
124
2035
1567
3563
119
568
1365
1002
3423
3101
245
1080
3141
164
606
2202
140
3157
717
2055
2157
3543
221
819
3549
1485
1661
668
545
2296
278
2037
1308
3283
517
3115
2444
248
1599
1848
1959
2000
3420
1923
1649
138
1685
2963
824
633
330
3477
103
406
3391
2906
1172
1058
720
2205
2654
3036
3014
653
2782
3553
2736
760
3138
266
3338
82
2424
429
1509
117
1226
2816
2765
1503
370
480
1645
24
3167
745
2465
3459
2141
1242
1592
854
3070
2542
2678
1019
244
3298
1067
592
3191
180
1755
2551
172
2887
709
659
729
1968
1251
2788
1384
3066
3449
634
2804
2482
389
712
2812
3301
397
2377
2083
2558
421
3137
209
2780
1753
2403
2930
802
97
1027
3317
3381
852
3097
329
559
300
3369
3350
2946
2779
2992
3412
2578
3500
185
2423
1577
3456
86
3241
2764
287
2508
691
2353
2195
2425
878
1110
2961
436
3033
431
631
1714
1865
2665
569
1341
2206
1074
1805
1606
3183
1472
1719
2419
2308
302
2825
465
165
2303
887
3311
145
2190
3208
1114
910
2168
993
2675
2463
1153
657
2132
456
2286
2270
385
3532
597
1932
3012
1015
1824
3228
2173
764
1500
277
586
3020
1689
2186
2451
2697
2294
2072
3010
526
193
658
3393
2649
76
2959
1387
1364
204
686
3411
1986
1446
594
362
2865
3025
2125
47
1814
2
3292
2169
3482
12
3559
374
3378
1700
1004
1664
3312
1572
2821
2563
1875
2058
844
855
845
1032
3414
3537
601
1227
2951
2768
1301
200
367
2277
3177
538
1436
2644
3161
3071
2007
1246
72
861
710
2026
902
3027
3336
1111
1393
2933
1021
604
1885
2313
638
2260
2394
194
419
1267
1763
8
1170
1104
3290
3466
1893
957
402
2362
1281
1515
1866
2975
2827
839
1190
1772
982
3492
3239
3113
577
1609
897
3304
3542
225
978
2179
2405
2090
1151
721
1676
1561
1443
1049
2773
946
331
3168
230
13
3266
3558
2737
3136
533
928
1310
1797
3133
1146
2554
357
1108
3216
226
2069
292
2613
2950
2112
2084
54
1594
1535
2669
2570
915
2797
1817
319
377
2702
393
2089
1964
1709
3084
1154
1286
1784
3523
2525
1967
1827
2955
2908
2534
3043
1444
649
1407
677
3379
755
2427
810
1423
2621
2244
2500
2674
1014
1576
2239
1862
30
583
1667
2895
1825
83
1426
503
2268
2544
2093
800
3121
2009
3334
2854
453
1593
2531
1859
999
849
654
791
3536
1674
3331
56
2392
1521
1478
1540
1756
1470
2513
2464
2317
3129
1434
3238
2835
827
1456
1778
904
2154
3475
1794
2712
666
1672
898
2536
311
1219
3056
1357
3440
467
440
3223
520
1582
698
1734
2040
2874
1838
3402
1059
2310
1677
1922
2745
1319
2214
3529
39
598
2744
740
71
2338
2276
3510
2332
358
3398
99
1530
753
1072
3155
860
3515
3458
2003
3023
1507
1590
826
2799
1075
150
2517
1958
3060
3251
2660
1145
2475
242
2320
609
694
2288
2598
2552
3088
1549
2746
927
2681
2939
857
2135
1826
1742
748
1948
2795
198
2847
1830
373
3368
1320
1822
899
2742
1934
1980
3429
1789
3302
704
2153
2924
98
1513
3451
1238
2331
1751
2751
1942
3382
2896
255
992
2164
2909
2086
2469
3509
153
1234
1270
756
111
2378
426
3483
386
1713
461
1448
1292
1398
3453
139
135
2580
1743
3086
1738
1290
310
2237
2698
772
1765
1951
1066
1752
951
2102
3566
650
2278
1010
1981
2883
2289
1581
2966
3528
1338
420
2477
1746
3234
2082
2188
1095
3063
2763
1003
162
53
913
1747
525
1506
2196
2401
3235
1915
762
1068
1124
3181
283
1231
212
2092
2299
1884
3519
675
619
1163
1906
2656
1437
665
3019
943
2732
3139
1200
979
289
3280
327
511
284
1877
2881
77
1944
1422
1363
489
2569
881
44
3273
49
1706
3227
3470
372
2209
2322
1707
2128
2714
1389
3349
916
962
1774
1164
3501
1634
1869
2183
1082
703
1498
935
880
1230
2852
2915
1680
2323
3269
1420
459
1304
959
491
998
522
2808
1831
1107
3200
3259
3100
692
2054
1118
2057
1494
1289
2373
2337
2452
1982
1056
1523
1250
2944
2715
201
2333
3076
2264
1945
679
1733
3426
1813
2314
937
1905
3548
797
2671
529
3524
350
3430
1971
789
699
1710
1429
1589
3075
105
320
2617
3310
2871
3284
3564
1439
3526
1235
3172
1666
2540
2786
3253
1773
196
3480
3090
1596
3473
1342
151
3321
2407
391
3067
3404
1085
541
2897
130
2283
3315
3337
1495
2291
1474
1284
65
2829
700
1052
3565
2553
1834
1943
382
732
2937
1809
2761
2741
1895
742
521
34
582
1102
1077
1697
2350
3318
1035
3444
10
3162
137
2409
984
1662
2647
1000
1031
1042
2355
2547
120
2985
48
113
2785
3089
2341
1646
445
2704
2095
1201
907
2616
2811
1397
2694
176
2611
2974
1648
378
1476
1277
3325
251
293
339
2306
864
1334
642
324
1913
1340
3394
1347
413
2497
2111
920
2938
127
3291
323
1868
2236
486
3491
909
3499
3446
739
1508
2238
1409
294
754
573
1682
2438
3452
125
2978
291
3366
1488
2066
3190
1131
3285
1519
2087
2560
1918
2550
286
2747
2920
3469
2559
555
3082
1078
2983
2733
1248
317
626
3062
706
252
888
2964
669
2683
476
3108
236
1026
1199
2384
3279
424
1265
2316
45
2860
683
1727
612
3299
875
2597
986
711
3159
344
2828
976
884
564
3359
2499
655
1997
2234
2770
3395
1368
614
122
838
2231
1914
400
735
1688
1469
2393
1203
1779
921
829
2167
804
689
217
2156
1406
2872
1276
3396
19
131
1106
36
2106
183
3454
506
3370
1458
2079
2591
1931
2344
524
1491
1889
1532
534
1892
2467
1610
949
2838
707
1440
1678
2172
3104
3335
2833
1343
3432
3490
